{
  "sample_id": "kid_coffee_case1_left_seed42",
  "image_path": "examples/inference_sample/raw/kid_coffee.png",
  "scene_meta_path": "/home/zicheng/Projects/LiveWorld/examples/inference_sample/processed/kid_coffee/scene_pointcloud/kid_coffee_stream3r_scene_meta.npz",
  "geometry_path": "",
  "combo_id": "case1_left",
  "case_type": "case1",
  "motion_primitive": "case1_left",
  "num_rounds": 4,
  "num_events": 1,
  "first_frame_has_event": true,
  "first_c2w": [
    [
      1.0,
      4.3914205889450386e-05,
      0.00026285211788490415,
      -0.0002373274037381634
    ],
    [
      -4.389443347463384e-05,
      1.0,
      -7.522923988290131e-05,
      0.00020546077576000243
    ],
    [
      -0.00026285540661774576,
      7.521770749008283e-05,
      1.0,
      1.2615558262041304e-05
    ],
    [
      0.0,
      0.0,
      0.0,
      1.0
    ]
  ],
  "object_detection": {
    "entities": [
      "person"
    ],
    "bbox_xyxy": [
      326,
      101,
      507,
      330
    ],
    "area_ratio": 0.10481770833333333,
    "method": "qwen_sam"
  },
  "scene_features": {
    "brightness_mean": 0.5564550928544495,
    "edge_density": 0.09872295673076924,
    "texture_std": 25.259679794311523,
    "clutter_score": 0.31183057198157677,
    "environment_hint": "moderate"
  },
  "scene_scale": {
    "scene_center": [
      0.0,
      0.0,
      0.0
    ],
    "scene_extent_x": 0.8203325271606445,
    "scene_extent_z": 0.4866427183151245,
    "nav_radius": 0.4,
    "event_radius": 0.8,
    "motion_scale": 0.8422304048354811,
    "geometry_used": true
  },
  "distance_normalization": {
    "mode": "screen_uniform",
    "target_shift_ratio": 0.18,
    "screen_depth_percentile": 45.0,
    "distance_blend_alpha": 0.7
  },
  "view_calibration": {
    "enabled": true,
    "event_center_local": [
      -0.0008422146202065051,
      -0.013432754203677177,
      0.72775799036026
    ],
    "calibration_points_source": "foreground_event_points",
    "calibration_points_count": 611,
    "exit_visible_ratio": 0.2,
    "exit_visible_count_threshold": 123,
    "all_foreground_points_exit_required": false,
    "projection_exit_criterion": "visible_fg_projection_count <= 123 (ratio <= 0.2000)",
    "image_width": 832,
    "image_height": 480
  },
  "event_slots": {
    "A": {
      "entities": [
        "person"
      ],
      "entity": "person",
      "position": [
        -0.0002373274037381634,
        0.00020546077576000243,
        1.2615558262041304e-05
      ],
      "spawn_round": -1,
      "position_local": [
        0.0,
        0.0,
        0.0
      ]
    }
  },
  "location_pool": {
    "S": [
      -0.0002373274037381634,
      0.00020546077576000243,
      1.2615558262041304e-05
    ],
    "O": [
      -0.00014270063547883183,
      0.00017837824998423457,
      0.36001262068748474
    ],
    "A": [
      -0.0002373274037381634,
      0.00020546077576000243,
      1.2615558262041304e-05
    ],
    "B": [
      -0.6402373313903809,
      0.00023355320445261896,
      0.0001808430242817849
    ]
  },
  "round_target_sequence": [
    "B",
    "A",
    "B",
    "A"
  ],
  "nav_points": {
    "N0": [
      0.0,
      0.0,
      0.4
    ],
    "N1": [
      0.34641016151377546,
      0.0,
      0.20000000000000007
    ],
    "N2": [
      0.3464101615137755,
      0.0,
      -0.19999999999999993
    ],
    "N3": [
      4.898587196589413e-17,
      0.0,
      -0.4
    ],
    "N4": [
      -0.34641016151377535,
      0.0,
      -0.20000000000000018
    ],
    "N5": [
      -0.34641016151377546,
      0.0,
      0.20000000000000007
    ]
  },
  "round_plan": {
    "0": {
      "action": "leave",
      "event": "A",
      "location_from": "S",
      "location_to": "B",
      "camera_start": [
        0.0,
        0.0,
        0.0
      ],
      "camera_end": [
        -0.6400000000000001,
        0.0,
        0.0
      ],
      "pose_start_c2w": [
        [
          1.0,
          0.0,
          0.0,
          0.0
        ],
        [
          0.0,
          1.0,
          0.0,
          0.0
        ],
        [
          0.0,
          0.0,
          1.0,
          0.0
        ],
        [
          0.0,
          0.0,
          0.0,
          1.0
        ]
      ],
      "pose_end_c2w": [
        [
          0.0,
          -0.0,
          1.0,
          -0.6399999856948853
        ],
        [
          0.0,
          1.0,
          0.0,
          0.0
        ],
        [
          -1.0,
          0.0,
          0.0,
          0.0
        ],
        [
          0.0,
          0.0,
          0.0,
          1.0
        ]
      ],
      "look_at": [
        0.0,
        0.0,
        0.0
      ]
    },
    "1": {
      "action": "revisit",
      "event": "A",
      "location_from": "B",
      "location_to": "A",
      "camera_start": [
        -0.6400000000000001,
        0.0,
        0.0
      ],
      "camera_end": [
        0.0,
        0.0,
        0.0
      ],
      "pose_start_c2w": [
        [
          0.0,
          -0.0,
          1.0,
          -0.6399999856948853
        ],
        [
          0.0,
          1.0,
          0.0,
          0.0
        ],
        [
          -1.0,
          0.0,
          0.0,
          0.0
        ],
        [
          0.0,
          0.0,
          0.0,
          1.0
        ]
      ],
      "pose_end_c2w": [
        [
          1.0,
          -0.0,
          0.0,
          0.0
        ],
        [
          0.0,
          1.0,
          0.0,
          0.0
        ],
        [
          -0.0,
          0.0,
          1.0,
          0.0
        ],
        [
          0.0,
          0.0,
          0.0,
          1.0
        ]
      ],
      "look_at": [
        0.0,
        0.0,
        0.0
      ]
    },
    "2": {
      "action": "leave",
      "event": "A",
      "location_from": "A",
      "location_to": "B",
      "camera_start": [
        0.0,
        0.0,
        0.0
      ],
      "camera_end": [
        -0.6400000000000001,
        0.0,
        0.0
      ],
      "pose_start_c2w": [
        [
          1.0,
          -0.0,
          0.0,
          0.0
        ],
        [
          0.0,
          1.0,
          0.0,
          0.0
        ],
        [
          -0.0,
          0.0,
          1.0,
          0.0
        ],
        [
          0.0,
          0.0,
          0.0,
          1.0
        ]
      ],
      "pose_end_c2w": [
        [
          0.0,
          -0.0,
          1.0,
          -0.6399999856948853
        ],
        [
          0.0,
          1.0,
          0.0,
          0.0
        ],
        [
          -1.0,
          0.0,
          0.0,
          0.0
        ],
        [
          0.0,
          0.0,
          0.0,
          1.0
        ]
      ],
      "look_at": [
        0.0,
        0.0,
        0.0
      ]
    },
    "3": {
      "action": "revisit",
      "event": "A",
      "location_from": "B",
      "location_to": "A",
      "camera_start": [
        -0.6400000000000001,
        0.0,
        0.0
      ],
      "camera_end": [
        0.0,
        0.0,
        0.0
      ],
      "pose_start_c2w": [
        [
          0.0,
          -0.0,
          1.0,
          -0.6399999856948853
        ],
        [
          0.0,
          1.0,
          0.0,
          0.0
        ],
        [
          -1.0,
          0.0,
          0.0,
          0.0
        ],
        [
          0.0,
          0.0,
          0.0,
          1.0
        ]
      ],
      "pose_end_c2w": [
        [
          1.0,
          -0.0,
          0.0,
          0.0
        ],
        [
          0.0,
          1.0,
          0.0,
          0.0
        ],
        [
          -0.0,
          0.0,
          1.0,
          0.0
        ],
        [
          0.0,
          0.0,
          0.0,
          1.0
        ]
      ],
      "look_at": [
        0.0,
        0.0,
        0.0
      ]
    }
  },
  "frames_per_round": 65,
  "fps": 16,
  "total_frames": 260,
  "trajectory_frames": [
    {
      "frame_idx": 0,
      "round_idx": 0,
      "interp_t": 0.0,
      "location_from": "S",
      "location_to": "B",
      "action": "leave",
      "event": "A",
      "c2w": [
        [
          1.0,
          4.3914205889450386e-05,
          0.00026285211788490415,
          -0.0002373274037381634
        ],
        [
          -4.389443347463384e-05,
          1.0,
          -7.522923988290131e-05,
          0.00020546077576000243
        ],
        [
          -0.00026285540661774576,
          7.521770749008283e-05,
          1.0,
          1.2615558262041304e-05
        ],
        [
          0.0,
          0.0,
          0.0,
          1.0
        ]
      ]
    },
    {
      "frame_idx": 1,
      "round_idx": 0,
      "interp_t": 0.015625,
      "location_from": "S",
      "location_to": "B",
      "action": "leave",
      "event": "A",
      "c2w": [
        [
          1.0,
          4.3914205889450386e-05,
          0.00026285211788490415,
          -0.00620607752352953
        ],
        [
          -4.389443347463384e-05,
          1.0,
          -7.522923988290131e-05,
          0.00020572276844177395
        ],
        [
          -0.00026285540661774576,
          7.521770749008283e-05,
          1.0,
          1.4184476640366483e-05
        ],
        [
          0.0,
          0.0,
          0.0,
          1.0
        ]
      ]
    },
    {
      "frame_idx": 2,
      "round_idx": 0,
      "interp_t": 0.03125,
      "location_from": "S",
      "location_to": "B",
      "action": "leave",
      "event": "A",
      "c2w": [
        [
          1.0,
          4.3914205889450386e-05,
          0.00026285211788490415,
          -0.012174827046692371
        ],
        [
          -4.389443347463384e-05,
          1.0,
          -7.522923988290131e-05,
          0.00020598476112354547
        ],
        [
          -0.00026285540661774576,
          7.521770749008283e-05,
          1.0,
          1.575339410919696e-05
        ],
        [
          0.0,
          0.0,
          0.0,
          1.0
        ]
      ]
    },
    {
      "frame_idx": 3,
      "round_idx": 0,
      "interp_t": 0.046875,
      "location_from": "S",
      "location_to": "B",
      "action": "leave",
      "event": "A",
      "c2w": [
        [
          1.0,
          4.3914205889450386e-05,
          0.00026285211788490415,
          -0.018143577501177788
        ],
        [
          -4.389443347463384e-05,
          1.0,
          -7.522923988290131e-05,
          0.00020624675380531698
        ],
        [
          -0.00026285540661774576,
          7.521770749008283e-05,
          1.0,
          1.732231248752214e-05
        ],
        [
          0.0,
          0.0,
          0.0,
          1.0
        ]
      ]
    },
    {
      "frame_idx": 4,
      "round_idx": 0,
      "interp_t": 0.0625,
      "location_from": "S",
      "location_to": "B",
      "action": "leave",
      "event": "A",
      "c2w": [
        [
          1.0,
          4.3914205889450386e-05,
          0.00026285211788490415,
          -0.02411232702434063
        ],
        [
          -4.389443347463384e-05,
          1.0,
          -7.522923988290131e-05,
          0.00020650876103900373
        ],
        [
          -0.00026285540661774576,
          7.521770749008283e-05,
          1.0,
          1.889123086584732e-05
        ],
        [
          0.0,
          0.0,
          0.0,
          1.0
        ]
      ]
    },
    {
      "frame_idx": 5,
      "round_idx": 0,
      "interp_t": 0.078125,
      "location_from": "S",
      "location_to": "B",
      "action": "leave",
      "event": "A",
      "c2w": [
        [
          1.0,
          4.3914205889450386e-05,
          0.00026285211788490415,
          -0.03008107654750347
        ],
        [
          -4.389443347463384e-05,
          1.0,
          -7.522923988290131e-05,
          0.00020677075372077525
        ],
        [
          -0.00026285540661774576,
          7.521770749008283e-05,
          1.0,
          2.04601492441725e-05
        ],
        [
          0.0,
          0.0,
          0.0,
          1.0
        ]
      ]
    },
    {
      "frame_idx": 6,
      "round_idx": 0,
      "interp_t": 0.09375,
      "location_from": "S",
      "location_to": "B",
      "action": "leave",
      "event": "A",
      "c2w": [
        [
          1.0,
          4.3914205889450386e-05,
          0.00026285211788490415,
          -0.03604982793331146
        ],
        [
          -4.389443347463384e-05,
          1.0,
          -7.522923988290131e-05,
          0.00020703274640254676
        ],
        [
          -0.00026285540661774576,
          7.521770749008283e-05,
          1.0,
          2.2029067622497678e-05
        ],
        [
          0.0,
          0.0,
          0.0,
          1.0
        ]
      ]
    },
    {
      "frame_idx": 7,
      "round_idx": 0,
      "interp_t": 0.109375,
      "location_from": "S",
      "location_to": "B",
      "action": "leave",
      "event": "A",
      "c2w": [
        [
          1.0,
          4.3914205889450386e-05,
          0.00026285211788490415,
          -0.042018577456474304
        ],
        [
          -4.389443347463384e-05,
          1.0,
          -7.522923988290131e-05,
          0.00020729473908431828
        ],
        [
          -0.00026285540661774576,
          7.521770749008283e-05,
          1.0,
          2.3597986000822857e-05
        ],
        [
          0.0,
          0.0,
          0.0,
          1.0
        ]
      ]
    },
    {
      "frame_idx": 8,
      "round_idx": 0,
      "interp_t": 0.125,
      "location_from": "S",
      "location_to": "B",
      "action": "leave",
      "event": "A",
      "c2w": [
        [
          1.0,
          4.3914205889450386e-05,
          0.00026285211788490415,
          -0.047987326979637146
        ],
        [
          -4.389443347463384e-05,
          1.0,
          -7.522923988290131e-05,
          0.0002075567317660898
        ],
        [
          -0.00026285540661774576,
          7.521770749008283e-05,
          1.0,
          2.5166904379148036e-05
        ],
        [
          0.0,
          0.0,
          0.0,
          1.0
        ]
      ]
    },
    {
      "frame_idx": 9,
      "round_idx": 0,
      "interp_t": 0.140625,
      "location_from": "S",
      "location_to": "B",
      "action": "leave",
      "event": "A",
      "c2w": [
        [
          1.0,
          4.3914205889450386e-05,
          0.00026285211788490415,
          -0.05395607650279999
        ],
        [
          -4.389443347463384e-05,
          1.0,
          -7.522923988290131e-05,
          0.00020781872444786131
        ],
        [
          -0.00026285540661774576,
          7.521770749008283e-05,
          1.0,
          2.6735822757473215e-05
        ],
        [
          0.0,
          0.0,
          0.0,
          1.0
        ]
      ]
    },
    {
      "frame_idx": 10,
      "round_idx": 0,
      "interp_t": 0.15625,
      "location_from": "S",
      "location_to": "B",
      "action": "leave",
      "event": "A",
      "c2w": [
        [
          1.0,
          4.3914205889450386e-05,
          0.00026285211788490415,
          -0.05992482602596283
        ],
        [
          -4.389443347463384e-05,
          1.0,
          -7.522923988290131e-05,
          0.00020808073168154806
        ],
        [
          -0.00026285540661774576,
          7.521770749008283e-05,
          1.0,
          2.8304741135798395e-05
        ],
        [
          0.0,
          0.0,
          0.0,
          1.0
        ]
      ]
    },
    {
      "frame_idx": 11,
      "round_idx": 0,
      "interp_t": 0.171875,
      "location_from": "S",
      "location_to": "B",
      "action": "leave",
      "event": "A",
      "c2w": [
        [
          1.0,
          4.3914205889450386e-05,
          0.00026285211788490415,
          -0.06589358299970627
        ],
        [
          -4.389443347463384e-05,
          1.0,
          -7.522923988290131e-05,
          0.00020834272436331958
        ],
        [
          -0.00026285540661774576,
          7.521770749008283e-05,
          1.0,
          2.9873659514123574e-05
        ],
        [
          0.0,
          0.0,
          0.0,
          1.0
        ]
      ]
    },
    {
      "frame_idx": 12,
      "round_idx": 0,
      "interp_t": 0.1875,
      "location_from": "S",
      "location_to": "B",
      "action": "leave",
      "event": "A",
      "c2w": [
        [
          1.0,
          4.3914205889450386e-05,
          0.00026285211788490415,
          -0.07186233252286911
        ],
        [
          -4.389443347463384e-05,
          1.0,
          -7.522923988290131e-05,
          0.0002086047170450911
        ],
        [
          -0.00026285540661774576,
          7.521770749008283e-05,
          1.0,
          3.144257789244875e-05
        ],
        [
          0.0,
          0.0,
          0.0,
          1.0
        ]
      ]
    },
    {
      "frame_idx": 13,
      "round_idx": 0,
      "interp_t": 0.203125,
      "location_from": "S",
      "location_to": "B",
      "action": "leave",
      "event": "A",
      "c2w": [
        [
          1.0,
          4.3914205889450386e-05,
          0.00026285211788490415,
          -0.07783108204603195
        ],
        [
          -4.389443347463384e-05,
          1.0,
          -7.522923988290131e-05,
          0.0002088667097268626
        ],
        [
          -0.00026285540661774576,
          7.521770749008283e-05,
          1.0,
          3.301149627077393e-05
        ],
        [
          0.0,
          0.0,
          0.0,
          1.0
        ]
      ]
    },
    {
      "frame_idx": 14,
      "round_idx": 0,
      "interp_t": 0.21875,
      "location_from": "S",
      "location_to": "B",
      "action": "leave",
      "event": "A",
      "c2w": [
        [
          1.0,
          4.3914205889450386e-05,
          0.00026285211788490415,
          -0.0837998315691948
        ],
        [
          -4.389443347463384e-05,
          1.0,
          -7.522923988290131e-05,
          0.00020912870240863413
        ],
        [
          -0.00026285540661774576,
          7.521770749008283e-05,
          1.0,
          3.458041464909911e-05
        ],
        [
          0.0,
          0.0,
          0.0,
          1.0
        ]
      ]
    },
    {
      "frame_idx": 15,
      "round_idx": 0,
      "interp_t": 0.234375,
      "location_from": "S",
      "location_to": "B",
      "action": "leave",
      "event": "A",
      "c2w": [
        [
          1.0,
          4.3914205889450386e-05,
          0.00026285211788490415,
          -0.08976858109235764
        ],
        [
          -4.389443347463384e-05,
          1.0,
          -7.522923988290131e-05,
          0.00020939069509040564
        ],
        [
          -0.00026285540661774576,
          7.521770749008283e-05,
          1.0,
          3.614933302742429e-05
        ],
        [
          0.0,
          0.0,
          0.0,
          1.0
        ]
      ]
    },
    {
      "frame_idx": 16,
      "round_idx": 0,
      "interp_t": 0.25,
      "location_from": "S",
      "location_to": "B",
      "action": "leave",
      "event": "A",
      "c2w": [
        [
          1.0,
          4.3914205889450386e-05,
          0.00026285211788490415,
          -0.09573733061552048
        ],
        [
          -4.389443347463384e-05,
          1.0,
          -7.522923988290131e-05,
          0.00020965268777217716
        ],
        [
          -0.00026285540661774576,
          7.521770749008283e-05,
          1.0,
          3.771824776777066e-05
        ],
        [
          0.0,
          0.0,
          0.0,
          1.0
        ]
      ]
    },
    {
      "frame_idx": 17,
      "round_idx": 0,
      "interp_t": 0.265625,
      "location_from": "S",
      "location_to": "B",
      "action": "leave",
      "event": "A",
      "c2w": [
        [
          1.0,
          4.3914205889450386e-05,
          0.00026285211788490415,
          -0.10170608013868332
        ],
        [
          -4.389443347463384e-05,
          1.0,
          -7.522923988290131e-05,
          0.0002099146950058639
        ],
        [
          -0.00026285540661774576,
          7.521770749008283e-05,
          1.0,
          3.928716614609584e-05
        ],
        [
          0.0,
          0.0,
          0.0,
          1.0
        ]
      ]
    },
    {
      "frame_idx": 18,
      "round_idx": 0,
      "interp_t": 0.28125,
      "location_from": "S",
      "location_to": "B",
      "action": "leave",
      "event": "A",
      "c2w": [
        [
          1.0,
          4.3914205889450386e-05,
          0.00026285211788490415,
          -0.10767482966184616
        ],
        [
          -4.389443347463384e-05,
          1.0,
          -7.522923988290131e-05,
          0.00021017668768763542
        ],
        [
          -0.00026285540661774576,
          7.521770749008283e-05,
          1.0,
          4.085608452442102e-05
        ],
        [
          0.0,
          0.0,
          0.0,
          1.0
        ]
      ]
    },
    {
      "frame_idx": 19,
      "round_idx": 0,
      "interp_t": 0.296875,
      "location_from": "S",
      "location_to": "B",
      "action": "leave",
      "event": "A",
      "c2w": [
        [
          1.0,
          4.3914205889450386e-05,
          0.00026285211788490415,
          -0.113643579185009
        ],
        [
          -4.389443347463384e-05,
          1.0,
          -7.522923988290131e-05,
          0.00021043868036940694
        ],
        [
          -0.00026285540661774576,
          7.521770749008283e-05,
          1.0,
          4.24250029027462e-05
        ],
        [
          0.0,
          0.0,
          0.0,
          1.0
        ]
      ]
    },
    {
      "frame_idx": 20,
      "round_idx": 0,
      "interp_t": 0.3125,
      "location_from": "S",
      "location_to": "B",
      "action": "leave",
      "event": "A",
      "c2w": [
        [
          1.0,
          4.3914205889450386e-05,
          0.00026285211788490415,
          -0.11961232870817184
        ],
        [
          -4.389443347463384e-05,
          1.0,
          -7.522923988290131e-05,
          0.00021070067305117846
        ],
        [
          -0.00026285540661774576,
          7.521770749008283e-05,
          1.0,
          4.399392128107138e-05
        ],
        [
          0.0,
          0.0,
          0.0,
          1.0
        ]
      ]
    },
    {
      "frame_idx": 21,
      "round_idx": 0,
      "interp_t": 0.328125,
      "location_from": "S",
      "location_to": "B",
      "action": "leave",
      "event": "A",
      "c2w": [
        [
          1.0,
          4.3914205889450386e-05,
          0.00026285211788490415,
          -0.12558108568191528
        ],
        [
          -4.389443347463384e-05,
          1.0,
          -7.522923988290131e-05,
          0.00021096266573294997
        ],
        [
          -0.00026285540661774576,
          7.521770749008283e-05,
          1.0,
          4.556283965939656e-05
        ],
        [
          0.0,
          0.0,
          0.0,
          1.0
        ]
      ]
    },
    {
      "frame_idx": 22,
      "round_idx": 0,
      "interp_t": 0.34375,
      "location_from": "S",
      "location_to": "B",
      "action": "leave",
      "event": "A",
      "c2w": [
        [
          1.0,
          4.3914205889450386e-05,
          0.00026285211788490415,
          -0.13154983520507812
        ],
        [
          -4.389443347463384e-05,
          1.0,
          -7.522923988290131e-05,
          0.0002112246584147215
        ],
        [
          -0.00026285540661774576,
          7.521770749008283e-05,
          1.0,
          4.713175803772174e-05
        ],
        [
          0.0,
          0.0,
          0.0,
          1.0
        ]
      ]
    },
    {
      "frame_idx": 23,
      "round_idx": 0,
      "interp_t": 0.359375,
      "location_from": "S",
      "location_to": "B",
      "action": "leave",
      "event": "A",
      "c2w": [
        [
          1.0,
          4.3914205889450386e-05,
          0.00026285211788490415,
          -0.13751858472824097
        ],
        [
          -4.389443347463384e-05,
          1.0,
          -7.522923988290131e-05,
          0.00021148666564840823
        ],
        [
          -0.00026285540661774576,
          7.521770749008283e-05,
          1.0,
          4.870067641604692e-05
        ],
        [
          0.0,
          0.0,
          0.0,
          1.0
        ]
      ]
    },
    {
      "frame_idx": 24,
      "round_idx": 0,
      "interp_t": 0.375,
      "location_from": "S",
      "location_to": "B",
      "action": "leave",
      "event": "A",
      "c2w": [
        [
          1.0,
          4.3914205889450386e-05,
          0.00026285211788490415,
          -0.1434873342514038
        ],
        [
          -4.389443347463384e-05,
          1.0,
          -7.522923988290131e-05,
          0.00021174865833017975
        ],
        [
          -0.00026285540661774576,
          7.521770749008283e-05,
          1.0,
          5.02695947943721e-05
        ],
        [
          0.0,
          0.0,
          0.0,
          1.0
        ]
      ]
    },
    {
      "frame_idx": 25,
      "round_idx": 0,
      "interp_t": 0.390625,
      "location_from": "S",
      "location_to": "B",
      "action": "leave",
      "event": "A",
      "c2w": [
        [
          1.0,
          4.3914205889450386e-05,
          0.00026285211788490415,
          -0.14945608377456665
        ],
        [
          -4.389443347463384e-05,
          1.0,
          -7.522923988290131e-05,
          0.00021201065101195127
        ],
        [
          -0.00026285540661774576,
          7.521770749008283e-05,
          1.0,
          5.1838513172697276e-05
        ],
        [
          0.0,
          0.0,
          0.0,
          1.0
        ]
      ]
    },
    {
      "frame_idx": 26,
      "round_idx": 0,
      "interp_t": 0.40625,
      "location_from": "S",
      "location_to": "B",
      "action": "leave",
      "event": "A",
      "c2w": [
        [
          1.0,
          4.3914205889450386e-05,
          0.00026285211788490415,
          -0.1554248332977295
        ],
        [
          -4.389443347463384e-05,
          1.0,
          -7.522923988290131e-05,
          0.00021227264369372278
        ],
        [
          -0.00026285540661774576,
          7.521770749008283e-05,
          1.0,
          5.3407431551022455e-05
        ],
        [
          0.0,
          0.0,
          0.0,
          1.0
        ]
      ]
    },
    {
      "frame_idx": 27,
      "round_idx": 0,
      "interp_t": 0.421875,
      "location_from": "S",
      "location_to": "B",
      "action": "leave",
      "event": "A",
      "c2w": [
        [
          1.0,
          4.3914205889450386e-05,
          0.00026285211788490415,
          -0.16139358282089233
        ],
        [
          -4.389443347463384e-05,
          1.0,
          -7.522923988290131e-05,
          0.0002125346363754943
        ],
        [
          -0.00026285540661774576,
          7.521770749008283e-05,
          1.0,
          5.4976349929347634e-05
        ],
        [
          0.0,
          0.0,
          0.0,
          1.0
        ]
      ]
    },
    {
      "frame_idx": 28,
      "round_idx": 0,
      "interp_t": 0.4375,
      "location_from": "S",
      "location_to": "B",
      "action": "leave",
      "event": "A",
      "c2w": [
        [
          1.0,
          4.3914205889450386e-05,
          0.00026285211788490415,
          -0.16736233234405518
        ],
        [
          -4.389443347463384e-05,
          1.0,
          -7.522923988290131e-05,
          0.00021279662905726582
        ],
        [
          -0.00026285540661774576,
          7.521770749008283e-05,
          1.0,
          5.6545268307672814e-05
        ],
        [
          0.0,
          0.0,
          0.0,
          1.0
        ]
      ]
    },
    {
      "frame_idx": 29,
      "round_idx": 0,
      "interp_t": 0.453125,
      "location_from": "S",
      "location_to": "B",
      "action": "leave",
      "event": "A",
      "c2w": [
        [
          1.0,
          4.3914205889450386e-05,
          0.00026285211788490415,
          -0.17333108186721802
        ],
        [
          -4.389443347463384e-05,
          1.0,
          -7.522923988290131e-05,
          0.00021305862173903733
        ],
        [
          -0.00026285540661774576,
          7.521770749008283e-05,
          1.0,
          5.811418668599799e-05
        ],
        [
          0.0,
          0.0,
          0.0,
          1.0
        ]
      ]
    },
    {
      "frame_idx": 30,
      "round_idx": 0,
      "interp_t": 0.46875,
      "location_from": "S",
      "location_to": "B",
      "action": "leave",
      "event": "A",
      "c2w": [
        [
          1.0,
          4.3914205889450386e-05,
          0.00026285211788490415,
          -0.17929983139038086
        ],
        [
          -4.389443347463384e-05,
          1.0,
          -7.522923988290131e-05,
          0.00021332062897272408
        ],
        [
          -0.00026285540661774576,
          7.521770749008283e-05,
          1.0,
          5.968310506432317e-05
        ],
        [
          0.0,
          0.0,
          0.0,
          1.0
        ]
      ]
    },
    {
      "frame_idx": 31,
      "round_idx": 0,
      "interp_t": 0.484375,
      "location_from": "S",
      "location_to": "B",
      "action": "leave",
      "event": "A",
      "c2w": [
        [
          1.0,
          4.3914205889450386e-05,
          0.00026285211788490415,
          -0.1852685809135437
        ],
        [
          -4.389443347463384e-05,
          1.0,
          -7.522923988290131e-05,
          0.0002135826216544956
        ],
        [
          -0.00026285540661774576,
          7.521770749008283e-05,
          1.0,
          6.125202344264835e-05
        ],
        [
          0.0,
          0.0,
          0.0,
          1.0
        ]
      ]
    },
    {
      "frame_idx": 32,
      "round_idx": 0,
      "interp_t": 0.5,
      "location_from": "S",
      "location_to": "B",
      "action": "leave",
      "event": "A",
      "c2w": [
        [
          1.0,
          4.3914205889450386e-05,
          0.00026285211788490415,
          -0.19123733043670654
        ],
        [
          -4.389443347463384e-05,
          1.0,
          -7.522923988290131e-05,
          0.00021384461433626711
        ],
        [
          -0.00026285540661774576,
          7.521770749008283e-05,
          1.0,
          6.282093818299472e-05
        ],
        [
          0.0,
          0.0,
          0.0,
          1.0
        ]
      ]
    },
    {
      "frame_idx": 33,
      "round_idx": 0,
      "interp_t": 0.515625,
      "location_from": "S",
      "location_to": "B",
      "action": "leave",
      "event": "A",
      "c2w": [
        [
          1.0,
          4.3914205889450386e-05,
          0.00026285211788490415,
          -0.19720607995986938
        ],
        [
          -4.389443347463384e-05,
          1.0,
          -7.522923988290131e-05,
          0.00021410660701803863
        ],
        [
          -0.00026285540661774576,
          7.521770749008283e-05,
          1.0,
          6.438986019929871e-05
        ],
        [
          0.0,
          0.0,
          0.0,
          1.0
        ]
      ]
    },
    {
      "frame_idx": 34,
      "round_idx": 0,
      "interp_t": 0.53125,
      "location_from": "S",
      "location_to": "B",
      "action": "leave",
      "event": "A",
      "c2w": [
        [
          1.0,
          4.3914205889450386e-05,
          0.00026285211788490415,
          -0.20317482948303223
        ],
        [
          -4.389443347463384e-05,
          1.0,
          -7.522923988290131e-05,
          0.00021436859969981015
        ],
        [
          -0.00026285540661774576,
          7.521770749008283e-05,
          1.0,
          6.595877493964508e-05
        ],
        [
          0.0,
          0.0,
          0.0,
          1.0
        ]
      ]
    },
    {
      "frame_idx": 35,
      "round_idx": 0,
      "interp_t": 0.546875,
      "location_from": "S",
      "location_to": "B",
      "action": "leave",
      "event": "A",
      "c2w": [
        [
          1.0,
          4.3914205889450386e-05,
          0.00026285211788490415,
          -0.20914357900619507
        ],
        [
          -4.389443347463384e-05,
          1.0,
          -7.522923988290131e-05,
          0.00021463059238158166
        ],
        [
          -0.00026285540661774576,
          7.521770749008283e-05,
          1.0,
          6.752769695594907e-05
        ],
        [
          0.0,
          0.0,
          0.0,
          1.0
        ]
      ]
    },
    {
      "frame_idx": 36,
      "round_idx": 0,
      "interp_t": 0.5625,
      "location_from": "S",
      "location_to": "B",
      "action": "leave",
      "event": "A",
      "c2w": [
        [
          1.0,
          4.3914205889450386e-05,
          0.00026285211788490415,
          -0.2151123285293579
        ],
        [
          -4.389443347463384e-05,
          1.0,
          -7.522923988290131e-05,
          0.00021489258506335318
        ],
        [
          -0.00026285540661774576,
          7.521770749008283e-05,
          1.0,
          6.909661169629544e-05
        ],
        [
          0.0,
          0.0,
          0.0,
          1.0
        ]
      ]
    },
    {
      "frame_idx": 37,
      "round_idx": 0,
      "interp_t": 0.578125,
      "location_from": "S",
      "location_to": "B",
      "action": "leave",
      "event": "A",
      "c2w": [
        [
          1.0,
          4.3914205889450386e-05,
          0.00026285211788490415,
          -0.22108107805252075
        ],
        [
          -4.389443347463384e-05,
          1.0,
          -7.522923988290131e-05,
          0.00021515459229703993
        ],
        [
          -0.00026285540661774576,
          7.521770749008283e-05,
          1.0,
          7.066553371259943e-05
        ],
        [
          0.0,
          0.0,
          0.0,
          1.0
        ]
      ]
    },
    {
      "frame_idx": 38,
      "round_idx": 0,
      "interp_t": 0.59375,
      "location_from": "S",
      "location_to": "B",
      "action": "leave",
      "event": "A",
      "c2w": [
        [
          1.0,
          4.3914205889450386e-05,
          0.00026285211788490415,
          -0.2270498275756836
        ],
        [
          -4.389443347463384e-05,
          1.0,
          -7.522923988290131e-05,
          0.00021541658497881144
        ],
        [
          -0.00026285540661774576,
          7.521770749008283e-05,
          1.0,
          7.22344484529458e-05
        ],
        [
          0.0,
          0.0,
          0.0,
          1.0
        ]
      ]
    },
    {
      "frame_idx": 39,
      "round_idx": 0,
      "interp_t": 0.609375,
      "location_from": "S",
      "location_to": "B",
      "action": "leave",
      "event": "A",
      "c2w": [
        [
          1.0,
          4.3914205889450386e-05,
          0.00026285211788490415,
          -0.23301857709884644
        ],
        [
          -4.389443347463384e-05,
          1.0,
          -7.522923988290131e-05,
          0.00021567857766058296
        ],
        [
          -0.00026285540661774576,
          7.521770749008283e-05,
          1.0,
          7.380336319329217e-05
        ],
        [
          0.0,
          0.0,
          0.0,
          1.0
        ]
      ]
    },
    {
      "frame_idx": 40,
      "round_idx": 0,
      "interp_t": 0.625,
      "location_from": "S",
      "location_to": "B",
      "action": "leave",
      "event": "A",
      "c2w": [
        [
          1.0,
          4.3914205889450386e-05,
          0.00026285211788490415,
          -0.23898732662200928
        ],
        [
          -4.389443347463384e-05,
          1.0,
          -7.522923988290131e-05,
          0.00021594057034235448
        ],
        [
          -0.00026285540661774576,
          7.521770749008283e-05,
          1.0,
          7.537228520959616e-05
        ],
        [
          0.0,
          0.0,
          0.0,
          1.0
        ]
      ]
    },
    {
      "frame_idx": 41,
      "round_idx": 0,
      "interp_t": 0.640625,
      "location_from": "S",
      "location_to": "B",
      "action": "leave",
      "event": "A",
      "c2w": [
        [
          1.0,
          4.3914205889450386e-05,
          0.00026285211788490415,
          -0.24495607614517212
        ],
        [
          -4.389443347463384e-05,
          1.0,
          -7.522923988290131e-05,
          0.000216202563024126
        ],
        [
          -0.00026285540661774576,
          7.521770749008283e-05,
          1.0,
          7.694119994994253e-05
        ],
        [
          0.0,
          0.0,
          0.0,
          1.0
        ]
      ]
    },
    {
      "frame_idx": 42,
      "round_idx": 0,
      "interp_t": 0.65625,
      "location_from": "S",
      "location_to": "B",
      "action": "leave",
      "event": "A",
      "c2w": [
        [
          1.0,
          4.3914205889450386e-05,
          0.00026285211788490415,
          -0.25092482566833496
        ],
        [
          -4.389443347463384e-05,
          1.0,
          -7.522923988290131e-05,
          0.0002164645557058975
        ],
        [
          -0.00026285540661774576,
          7.521770749008283e-05,
          1.0,
          7.851012196624652e-05
        ],
        [
          0.0,
          0.0,
          0.0,
          1.0
        ]
      ]
    },
    {
      "frame_idx": 43,
      "round_idx": 0,
      "interp_t": 0.671875,
      "location_from": "S",
      "location_to": "B",
      "action": "leave",
      "event": "A",
      "c2w": [
        [
          1.0,
          4.3914205889450386e-05,
          0.00026285211788490415,
          -0.2568935751914978
        ],
        [
          -4.389443347463384e-05,
          1.0,
          -7.522923988290131e-05,
          0.00021672656293958426
        ],
        [
          -0.00026285540661774576,
          7.521770749008283e-05,
          1.0,
          8.00790439825505e-05
        ],
        [
          0.0,
          0.0,
          0.0,
          1.0
        ]
      ]
    },
    {
      "frame_idx": 44,
      "round_idx": 0,
      "interp_t": 0.6875,
      "location_from": "S",
      "location_to": "B",
      "action": "leave",
      "event": "A",
      "c2w": [
        [
          1.0,
          4.3914205889450386e-05,
          0.00026285211788490415,
          -0.26286232471466064
        ],
        [
          -4.389443347463384e-05,
          1.0,
          -7.522923988290131e-05,
          0.00021698855562135577
        ],
        [
          -0.00026285540661774576,
          7.521770749008283e-05,
          1.0,
          8.164795872289687e-05
        ],
        [
          0.0,
          0.0,
          0.0,
          1.0
        ]
      ]
    },
    {
      "frame_idx": 45,
      "round_idx": 0,
      "interp_t": 0.703125,
      "location_from": "S",
      "location_to": "B",
      "action": "leave",
      "event": "A",
      "c2w": [
        [
          1.0,
          4.3914205889450386e-05,
          0.00026285211788490415,
          -0.2688310742378235
        ],
        [
          -4.389443347463384e-05,
          1.0,
          -7.522923988290131e-05,
          0.0002172505483031273
        ],
        [
          -0.00026285540661774576,
          7.521770749008283e-05,
          1.0,
          8.321688073920086e-05
        ],
        [
          0.0,
          0.0,
          0.0,
          1.0
        ]
      ]
    },
    {
      "frame_idx": 46,
      "round_idx": 0,
      "interp_t": 0.71875,
      "location_from": "S",
