{
  "sample_id": "kid_coffee_case1_right_seed42",
  "image_path": "examples/inference_sample/raw/kid_coffee.png",
  "scene_meta_path": "/home/zicheng/Projects/LiveWorld/examples/inference_sample/processed/kid_coffee/scene_pointcloud/kid_coffee_stream3r_scene_meta.npz",
  "geometry_path": "",
  "combo_id": "case1_right",
  "case_type": "case1",
  "motion_primitive": "case1_right",
  "num_rounds": 4,
  "num_events": 1,
  "first_frame_has_event": true,
  "first_c2w": [
    [
      1.0,
      4.3914205889450386e-05,
      0.00026285211788490415,
      -0.0002373274037381634
    ],
    [
      -4.389443347463384e-05,
      1.0,
      -7.522923988290131e-05,
      0.00020546077576000243
    ],
    [
      -0.00026285540661774576,
      7.521770749008283e-05,
      1.0,
      1.2615558262041304e-05
    ],
    [
      0.0,
      0.0,
      0.0,
      1.0
    ]
  ],
  "object_detection": {
    "entities": [
      "person"
    ],
    "bbox_xyxy": [
      326,
      101,
      507,
      330
    ],
    "area_ratio": 0.10481770833333333,
    "method": "qwen_sam"
  },
  "scene_features": {
    "brightness_mean": 0.5564550928544495,
    "edge_density": 0.09872295673076924,
    "texture_std": 25.259679794311523,
    "clutter_score": 0.31183057198157677,
    "environment_hint": "moderate"
  },
  "scene_scale": {
    "scene_center": [
      0.0,
      0.0,
      0.0
    ],
    "scene_extent_x": 0.8203325271606445,
    "scene_extent_z": 0.4866427183151245,
    "nav_radius": 0.4,
    "event_radius": 0.8,
    "motion_scale": 0.8422304048354811,
    "geometry_used": true
  },
  "distance_normalization": {
    "mode": "screen_uniform",
    "target_shift_ratio": 0.18,
    "screen_depth_percentile": 45.0,
    "distance_blend_alpha": 0.7
  },
  "view_calibration": {
    "enabled": true,
    "event_center_local": [
      -0.0008422146202065051,
      -0.013432754203677177,
      0.72775799036026
    ],
    "calibration_points_source": "foreground_event_points",
    "calibration_points_count": 611,
    "exit_visible_ratio": 0.2,
    "exit_visible_count_threshold": 123,
    "all_foreground_points_exit_required": false,
    "projection_exit_criterion": "visible_fg_projection_count <= 123 (ratio <= 0.2000)",
    "image_width": 832,
    "image_height": 480
  },
  "event_slots": {
    "A": {
      "entities": [
        "person"
      ],
      "entity": "person",
      "position": [
        -0.0002373274037381634,
        0.00020546077576000243,
        1.2615558262041304e-05
      ],
      "spawn_round": -1,
      "position_local": [
        0.0,
        0.0,
        0.0
      ]
    }
  },
  "location_pool": {
    "S": [
      -0.0002373274037381634,
      0.00020546077576000243,
      1.2615558262041304e-05
    ],
    "O": [
      -0.00014270063547883183,
      0.00017837824998423457,
      0.36001262068748474
    ],
    "A": [
      -0.0002373274037381634,
      0.00020546077576000243,
      1.2615558262041304e-05
    ],
    "B": [
      0.6397626399993896,
      0.0001773683470673859,
      -0.00015561189502477646
    ]
  },
  "round_target_sequence": [
    "B",
    "A",
    "B",
    "A"
  ],
  "nav_points": {
    "N0": [
      0.0,
      0.0,
      0.4
    ],
    "N1": [
      0.34641016151377546,
      0.0,
      0.20000000000000007
    ],
    "N2": [
      0.3464101615137755,
      0.0,
      -0.19999999999999993
    ],
    "N3": [
      4.898587196589413e-17,
      0.0,
      -0.4
    ],
    "N4": [
      -0.34641016151377535,
      0.0,
      -0.20000000000000018
    ],
    "N5": [
      -0.34641016151377546,
      0.0,
      0.20000000000000007
    ]
  },
  "round_plan": {
    "0": {
      "action": "leave",
      "event": "A",
      "location_from": "S",
      "location_to": "B",
      "camera_start": [
        0.0,
        0.0,
        0.0
      ],
      "camera_end": [
        0.6400000000000001,
        0.0,
        0.0
      ],
      "pose_start_c2w": [
        [
          1.0,
          0.0,
          0.0,
          0.0
        ],
        [
          0.0,
          1.0,
          0.0,
          0.0
        ],
        [
          0.0,
          0.0,
          1.0,
          0.0
        ],
        [
          0.0,
          0.0,
          0.0,
          1.0
        ]
      ],
      "pose_end_c2w": [
        [
          0.0,
          0.0,
          -1.0,
          0.6399999856948853
        ],
        [
          0.0,
          1.0,
          0.0,
          0.0
        ],
        [
          1.0,
          -0.0,
          0.0,
          0.0
        ],
        [
          0.0,
          0.0,
          0.0,
          1.0
        ]
      ],
      "look_at": [
        0.0,
        0.0,
        0.0
      ]
    },
    "1": {
      "action": "revisit",
      "event": "A",
      "location_from": "B",
      "location_to": "A",
      "camera_start": [
        0.6400000000000001,
        0.0,
        0.0
      ],
      "camera_end": [
        0.0,
        0.0,
        0.0
      ],
      "pose_start_c2w": [
        [
          0.0,
          0.0,
          -1.0,
          0.6399999856948853
        ],
        [
          0.0,
          1.0,
          0.0,
          0.0
        ],
        [
          1.0,
          -0.0,
          0.0,
          0.0
        ],
        [
          0.0,
          0.0,
          0.0,
          1.0
        ]
      ],
      "pose_end_c2w": [
        [
          1.0,
          -0.0,
          0.0,
          0.0
        ],
        [
          0.0,
          1.0,
          0.0,
          0.0
        ],
        [
          -0.0,
          0.0,
          1.0,
          0.0
        ],
        [
          0.0,
          0.0,
          0.0,
          1.0
        ]
      ],
      "look_at": [
        0.0,
        0.0,
        0.0
      ]
    },
    "2": {
      "action": "leave",
      "event": "A",
      "location_from": "A",
      "location_to": "B",
      "camera_start": [
        0.0,
        0.0,
        0.0
      ],
      "camera_end": [
        0.6400000000000001,
        0.0,
        0.0
      ],
      "pose_start_c2w": [
        [
          1.0,
          -0.0,
          0.0,
          0.0
        ],
        [
          0.0,
          1.0,
          0.0,
          0.0
        ],
        [
          -0.0,
          0.0,
          1.0,
          0.0
        ],
        [
          0.0,
          0.0,
          0.0,
          1.0
        ]
      ],
      "pose_end_c2w": [
        [
          0.0,
          0.0,
          -1.0,
          0.6399999856948853
        ],
        [
          0.0,
          1.0,
          0.0,
          0.0
        ],
        [
          1.0,
          -0.0,
          0.0,
          0.0
        ],
        [
          0.0,
          0.0,
          0.0,
          1.0
        ]
      ],
      "look_at": [
        0.0,
        0.0,
        0.0
      ]
    },
    "3": {
      "action": "revisit",
      "event": "A",
      "location_from": "B",
      "location_to": "A",
      "camera_start": [
        0.6400000000000001,
        0.0,
        0.0
      ],
      "camera_end": [
        0.0,
        0.0,
        0.0
      ],
      "pose_start_c2w": [
        [
          0.0,
          0.0,
          -1.0,
          0.6399999856948853
        ],
        [
          0.0,
          1.0,
          0.0,
          0.0
        ],
        [
          1.0,
          -0.0,
          0.0,
          0.0
        ],
        [
          0.0,
          0.0,
          0.0,
          1.0
        ]
      ],
      "pose_end_c2w": [
        [
          1.0,
          -0.0,
          0.0,
          0.0
        ],
        [
          0.0,
          1.0,
          0.0,
          0.0
        ],
        [
          -0.0,
          0.0,
          1.0,
          0.0
        ],
        [
          0.0,
          0.0,
          0.0,
          1.0
        ]
      ],
      "look_at": [
        0.0,
        0.0,
        0.0
      ]
    }
  },
  "frames_per_round": 65,
  "fps": 16,
  "total_frames": 260,
  "trajectory_frames": [
    {
      "frame_idx": 0,
      "round_idx": 0,
      "interp_t": 0.0,
      "location_from": "S",
      "location_to": "B",
      "action": "leave",
      "event": "A",
      "c2w": [
        [
          1.0,
          4.3914205889450386e-05,
          0.00026285211788490415,
          -0.0002373274037381634
        ],
        [
          -4.389443347463384e-05,
          1.0,
          -7.522923988290131e-05,
          0.00020546077576000243
        ],
        [
          -0.00026285540661774576,
          7.521770749008283e-05,
          1.0,
          1.2615558262041304e-05
        ],
        [
          0.0,
          0.0,
          0.0,
          1.0
        ]
      ]
    },
    {
      "frame_idx": 1,
      "round_idx": 0,
      "interp_t": 0.015625,
      "location_from": "S",
      "location_to": "B",
      "action": "leave",
      "event": "A",
      "c2w": [
        [
          1.0,
          4.3914205889450386e-05,
          0.00026285211788490415,
          0.005575172603130341
        ],
        [
          -4.389443347463384e-05,
          1.0,
          -7.522923988290131e-05,
          0.00020520563703030348
        ],
        [
          -0.00026285540661774576,
          7.521770749008283e-05,
          1.0,
          1.1087710845458787e-05
        ],
        [
          0.0,
          0.0,
          0.0,
          1.0
        ]
      ]
    },
    {
      "frame_idx": 2,
      "round_idx": 0,
      "interp_t": 0.03125,
      "location_from": "S",
      "location_to": "B",
      "action": "leave",
      "event": "A",
      "c2w": [
        [
          1.0,
          4.3914205889450386e-05,
          0.00026285211788490415,
          0.011387673206627369
        ],
        [
          -4.389443347463384e-05,
          1.0,
          -7.522923988290131e-05,
          0.00020495049830060452
        ],
        [
          -0.00026285540661774576,
          7.521770749008283e-05,
          1.0,
          9.559864338370971e-06
        ],
        [
          0.0,
          0.0,
          0.0,
          1.0
        ]
      ]
    },
    {
      "frame_idx": 3,
      "round_idx": 0,
      "interp_t": 0.046875,
      "location_from": "S",
      "location_to": "B",
      "action": "leave",
      "event": "A",
      "c2w": [
        [
          1.0,
          4.3914205889450386e-05,
          0.00026285211788490415,
          0.017200173810124397
        ],
        [
          -4.389443347463384e-05,
          1.0,
          -7.522923988290131e-05,
          0.00020469535957090557
        ],
        [
          -0.00026285540661774576,
          7.521770749008283e-05,
          1.0,
          8.032016921788454e-06
        ],
        [
          0.0,
          0.0,
          0.0,
          1.0
        ]
      ]
    },
    {
      "frame_idx": 4,
      "round_idx": 0,
      "interp_t": 0.0625,
      "location_from": "S",
      "location_to": "B",
      "action": "leave",
      "event": "A",
      "c2w": [
        [
          1.0,
          4.3914205889450386e-05,
          0.00026285211788490415,
          0.02301267348229885
        ],
        [
          -4.389443347463384e-05,
          1.0,
          -7.522923988290131e-05,
          0.00020444023539312184
        ],
        [
          -0.00026285540661774576,
          7.521770749008283e-05,
          1.0,
          6.504169959953288e-06
        ],
        [
          0.0,
          0.0,
          0.0,
          1.0
        ]
      ]
    },
    {
      "frame_idx": 5,
      "round_idx": 0,
      "interp_t": 0.078125,
      "location_from": "S",
      "location_to": "B",
      "action": "leave",
      "event": "A",
      "c2w": [
        [
          1.0,
          4.3914205889450386e-05,
          0.00026285211788490415,
          0.028825173154473305
        ],
        [
          -4.389443347463384e-05,
          1.0,
          -7.522923988290131e-05,
          0.00020418509666342288
        ],
        [
          -0.00026285540661774576,
          7.521770749008283e-05,
          1.0,
          4.976322998118121e-06
        ],
        [
          0.0,
          0.0,
          0.0,
          1.0
        ]
      ]
    },
    {
      "frame_idx": 6,
      "round_idx": 0,
      "interp_t": 0.09375,
      "location_from": "S",
      "location_to": "B",
      "action": "leave",
      "event": "A",
      "c2w": [
        [
          1.0,
          4.3914205889450386e-05,
          0.00026285211788490415,
          0.03463767468929291
        ],
        [
          -4.389443347463384e-05,
          1.0,
          -7.522923988290131e-05,
          0.00020392995793372393
        ],
        [
          -0.00026285540661774576,
          7.521770749008283e-05,
          1.0,
          3.448475581535604e-06
        ],
        [
          0.0,
          0.0,
          0.0,
          1.0
        ]
      ]
    },
    {
      "frame_idx": 7,
      "round_idx": 0,
      "interp_t": 0.109375,
      "location_from": "S",
      "location_to": "B",
      "action": "leave",
      "event": "A",
      "c2w": [
        [
          1.0,
          4.3914205889450386e-05,
          0.00026285211788490415,
          0.04045017436146736
        ],
        [
          -4.389443347463384e-05,
          1.0,
          -7.522923988290131e-05,
          0.00020367481920402497
        ],
        [
          -0.00026285540661774576,
          7.521770749008283e-05,
          1.0,
          1.9206281649530865e-06
        ],
        [
          0.0,
          0.0,
          0.0,
          1.0
        ]
      ]
    },
    {
      "frame_idx": 8,
      "round_idx": 0,
      "interp_t": 0.125,
      "location_from": "S",
      "location_to": "B",
      "action": "leave",
      "event": "A",
      "c2w": [
        [
          1.0,
          4.3914205889450386e-05,
          0.00026285211788490415,
          0.046262674033641815
        ],
        [
          -4.389443347463384e-05,
          1.0,
          -7.522923988290131e-05,
          0.00020341968047432601
        ],
        [
          -0.00026285540661774576,
          7.521770749008283e-05,
          1.0,
          3.9278165786527097e-07
        ],
        [
          0.0,
          0.0,
          0.0,
          1.0
        ]
      ]
    },
    {
      "frame_idx": 9,
      "round_idx": 0,
      "interp_t": 0.140625,
      "location_from": "S",
      "location_to": "B",
      "action": "leave",
      "event": "A",
      "c2w": [
        [
          1.0,
          4.3914205889450386e-05,
          0.00026285211788490415,
          0.05207517370581627
        ],
        [
          -4.389443347463384e-05,
          1.0,
          -7.522923988290131e-05,
          0.00020316454174462706
        ],
        [
          -0.00026285540661774576,
          7.521770749008283e-05,
          1.0,
          -1.1350657587172464e-06
        ],
        [
          0.0,
          0.0,
          0.0,
          1.0
        ]
      ]
    },
    {
      "frame_idx": 10,
      "round_idx": 0,
      "interp_t": 0.15625,
      "location_from": "S",
      "location_to": "B",
      "action": "leave",
      "event": "A",
      "c2w": [
        [
          1.0,
          4.3914205889450386e-05,
          0.00026285211788490415,
          0.05788767337799072
        ],
        [
          -4.389443347463384e-05,
          1.0,
          -7.522923988290131e-05,
          0.00020290941756684333
        ],
        [
          -0.00026285540661774576,
          7.521770749008283e-05,
          1.0,
          -2.662912265805062e-06
        ],
        [
          0.0,
          0.0,
          0.0,
          1.0
        ]
      ]
    },
    {
      "frame_idx": 11,
      "round_idx": 0,
      "interp_t": 0.171875,
      "location_from": "S",
      "location_to": "B",
      "action": "leave",
      "event": "A",
      "c2w": [
        [
          1.0,
          4.3914205889450386e-05,
          0.00026285211788490415,
          0.06370016932487488
        ],
        [
          -4.389443347463384e-05,
          1.0,
          -7.522923988290131e-05,
          0.00020265427883714437
        ],
        [
          -0.00026285540661774576,
          7.521770749008283e-05,
          1.0,
          -4.190759682387579e-06
        ],
        [
          0.0,
          0.0,
          0.0,
          1.0
        ]
      ]
    },
    {
      "frame_idx": 12,
      "round_idx": 0,
      "interp_t": 0.1875,
      "location_from": "S",
      "location_to": "B",
      "action": "leave",
      "event": "A",
      "c2w": [
        [
          1.0,
          4.3914205889450386e-05,
          0.00026285211788490415,
          0.06951267272233963
        ],
        [
          -4.389443347463384e-05,
          1.0,
          -7.522923988290131e-05,
          0.00020239914010744542
        ],
        [
          -0.00026285540661774576,
          7.521770749008283e-05,
          1.0,
          -5.7186070989700966e-06
        ],
        [
          0.0,
          0.0,
          0.0,
          1.0
        ]
      ]
    },
    {
      "frame_idx": 13,
      "round_idx": 0,
      "interp_t": 0.203125,
      "location_from": "S",
      "location_to": "B",
      "action": "leave",
      "event": "A",
      "c2w": [
        [
          1.0,
          4.3914205889450386e-05,
          0.00026285211788490415,
          0.07532516866922379
        ],
        [
          -4.389443347463384e-05,
          1.0,
          -7.522923988290131e-05,
          0.00020214400137774646
        ],
        [
          -0.00026285540661774576,
          7.521770749008283e-05,
          1.0,
          -7.24645269656321e-06
        ],
        [
          0.0,
          0.0,
          0.0,
          1.0
        ]
      ]
    },
    {
      "frame_idx": 14,
      "round_idx": 0,
      "interp_t": 0.21875,
      "location_from": "S",
      "location_to": "B",
      "action": "leave",
      "event": "A",
      "c2w": [
        [
          1.0,
          4.3914205889450386e-05,
          0.00026285211788490415,
          0.08113767206668854
        ],
        [
          -4.389443347463384e-05,
          1.0,
          -7.522923988290131e-05,
          0.0002018888626480475
        ],
        [
          -0.00026285540661774576,
          7.521770749008283e-05,
          1.0,
          -8.774301932135131e-06
        ],
        [
          0.0,
          0.0,
          0.0,
          1.0
        ]
      ]
    },
    {
      "frame_idx": 15,
      "round_idx": 0,
      "interp_t": 0.234375,
      "location_from": "S",
      "location_to": "B",
      "action": "leave",
      "event": "A",
      "c2w": [
        [
          1.0,
          4.3914205889450386e-05,
          0.00026285211788490415,
          0.08695016801357269
        ],
        [
          -4.389443347463384e-05,
          1.0,
          -7.522923988290131e-05,
          0.00020163372391834855
        ],
        [
          -0.00026285540661774576,
          7.521770749008283e-05,
          1.0,
          -1.0302147529728245e-05
        ],
        [
          0.0,
          0.0,
          0.0,
          1.0
        ]
      ]
    },
    {
      "frame_idx": 16,
      "round_idx": 0,
      "interp_t": 0.25,
      "location_from": "S",
      "location_to": "B",
      "action": "leave",
      "event": "A",
      "c2w": [
        [
          1.0,
          4.3914205889450386e-05,
          0.00026285211788490415,
          0.09276267141103745
        ],
        [
          -4.389443347463384e-05,
          1.0,
          -7.522923988290131e-05,
          0.00020137859974056482
        ],
        [
          -0.00026285540661774576,
          7.521770749008283e-05,
          1.0,
          -1.1829994946310762e-05
        ],
        [
          0.0,
          0.0,
          0.0,
          1.0
        ]
      ]
    },
    {
      "frame_idx": 17,
      "round_idx": 0,
      "interp_t": 0.265625,
      "location_from": "S",
      "location_to": "B",
      "action": "leave",
      "event": "A",
      "c2w": [
        [
          1.0,
          4.3914205889450386e-05,
          0.00026285211788490415,
          0.0985751673579216
        ],
        [
          -4.389443347463384e-05,
          1.0,
          -7.522923988290131e-05,
          0.00020112346101086587
        ],
        [
          -0.00026285540661774576,
          7.521770749008283e-05,
          1.0,
          -1.3357840543903876e-05
        ],
        [
          0.0,
          0.0,
          0.0,
          1.0
        ]
      ]
    },
    {
      "frame_idx": 18,
      "round_idx": 0,
      "interp_t": 0.28125,
      "location_from": "S",
      "location_to": "B",
      "action": "leave",
      "event": "A",
      "c2w": [
        [
          1.0,
          4.3914205889450386e-05,
          0.00026285211788490415,
          0.10438767075538635
        ],
        [
          -4.389443347463384e-05,
          1.0,
          -7.522923988290131e-05,
          0.0002008683222811669
        ],
        [
          -0.00026285540661774576,
          7.521770749008283e-05,
          1.0,
          -1.4885689779475797e-05
        ],
        [
          0.0,
          0.0,
          0.0,
          1.0
        ]
      ]
    },
    {
      "frame_idx": 19,
      "round_idx": 0,
      "interp_t": 0.296875,
      "location_from": "S",
      "location_to": "B",
      "action": "leave",
      "event": "A",
      "c2w": [
        [
          1.0,
          4.3914205889450386e-05,
          0.00026285211788490415,
          0.11020016670227051
        ],
        [
          -4.389443347463384e-05,
          1.0,
          -7.522923988290131e-05,
          0.00020061318355146796
        ],
        [
          -0.00026285540661774576,
          7.521770749008283e-05,
          1.0,
          -1.641353446757421e-05
        ],
        [
          0.0,
          0.0,
          0.0,
          1.0
        ]
      ]
    },
    {
      "frame_idx": 20,
      "round_idx": 0,
      "interp_t": 0.3125,
      "location_from": "S",
      "location_to": "B",
      "action": "leave",
      "event": "A",
      "c2w": [
        [
          1.0,
          4.3914205889450386e-05,
          0.00026285211788490415,
          0.11601267009973526
        ],
        [
          -4.389443347463384e-05,
          1.0,
          -7.522923988290131e-05,
          0.000200358044821769
        ],
        [
          -0.00026285540661774576,
          7.521770749008283e-05,
          1.0,
          -1.794138370314613e-05
        ],
        [
          0.0,
          0.0,
          0.0,
          1.0
        ]
      ]
    },
    {
      "frame_idx": 21,
      "round_idx": 0,
      "interp_t": 0.328125,
      "location_from": "S",
      "location_to": "B",
      "action": "leave",
      "event": "A",
      "c2w": [
        [
          1.0,
          4.3914205889450386e-05,
          0.00026285211788490415,
          0.12182516604661942
        ],
        [
          -4.389443347463384e-05,
          1.0,
          -7.522923988290131e-05,
          0.00020010290609207004
        ],
        [
          -0.00026285540661774576,
          7.521770749008283e-05,
          1.0,
          -1.9469229300739244e-05
        ],
        [
          0.0,
          0.0,
          0.0,
          1.0
        ]
      ]
    },
    {
      "frame_idx": 22,
      "round_idx": 0,
      "interp_t": 0.34375,
      "location_from": "S",
      "location_to": "B",
      "action": "leave",
      "event": "A",
      "c2w": [
        [
          1.0,
          4.3914205889450386e-05,
          0.00026285211788490415,
          0.12763766944408417
        ],
        [
          -4.389443347463384e-05,
          1.0,
          -7.522923988290131e-05,
          0.00019984778191428632
        ],
        [
          -0.00026285540661774576,
          7.521770749008283e-05,
          1.0,
          -2.0997078536311164e-05
        ],
        [
          0.0,
          0.0,
          0.0,
          1.0
        ]
      ]
    },
    {
      "frame_idx": 23,
      "round_idx": 0,
      "interp_t": 0.359375,
      "location_from": "S",
      "location_to": "B",
      "action": "leave",
      "event": "A",
      "c2w": [
        [
          1.0,
          4.3914205889450386e-05,
          0.00026285211788490415,
          0.13345016539096832
        ],
        [
          -4.389443347463384e-05,
          1.0,
          -7.522923988290131e-05,
          0.00019959264318458736
        ],
        [
          -0.00026285540661774576,
          7.521770749008283e-05,
          1.0,
          -2.2524924133904278e-05
        ],
        [
          0.0,
          0.0,
          0.0,
          1.0
        ]
      ]
    },
    {
      "frame_idx": 24,
      "round_idx": 0,
      "interp_t": 0.375,
      "location_from": "S",
      "location_to": "B",
      "action": "leave",
      "event": "A",
      "c2w": [
        [
          1.0,
          4.3914205889450386e-05,
          0.00026285211788490415,
          0.13926267623901367
        ],
        [
          -4.389443347463384e-05,
          1.0,
          -7.522923988290131e-05,
          0.0001993375044548884
        ],
        [
          -0.00026285540661774576,
          7.521770749008283e-05,
          1.0,
          -2.40527733694762e-05
        ],
        [
          0.0,
          0.0,
          0.0,
          1.0
        ]
      ]
    },
    {
      "frame_idx": 25,
      "round_idx": 0,
      "interp_t": 0.390625,
      "location_from": "S",
      "location_to": "B",
      "action": "leave",
      "event": "A",
      "c2w": [
        [
          1.0,
          4.3914205889450386e-05,
          0.00026285211788490415,
          0.14507517218589783
        ],
        [
          -4.389443347463384e-05,
          1.0,
          -7.522923988290131e-05,
          0.00019908236572518945
        ],
        [
          -0.00026285540661774576,
          7.521770749008283e-05,
          1.0,
          -2.5580618967069313e-05
        ],
        [
          0.0,
          0.0,
          0.0,
          1.0
        ]
      ]
    },
    {
      "frame_idx": 26,
      "round_idx": 0,
      "interp_t": 0.40625,
      "location_from": "S",
      "location_to": "B",
      "action": "leave",
      "event": "A",
      "c2w": [
        [
          1.0,
          4.3914205889450386e-05,
          0.00026285211788490415,
          0.15088766813278198
        ],
        [
          -4.389443347463384e-05,
          1.0,
          -7.522923988290131e-05,
          0.0001988272269954905
        ],
        [
          -0.00026285540661774576,
          7.521770749008283e-05,
          1.0,
          -2.7108464564662427e-05
        ],
        [
          0.0,
          0.0,
          0.0,
          1.0
        ]
      ]
    },
    {
      "frame_idx": 27,
      "round_idx": 0,
      "interp_t": 0.421875,
      "location_from": "S",
      "location_to": "B",
      "action": "leave",
      "event": "A",
      "c2w": [
        [
          1.0,
          4.3914205889450386e-05,
          0.00026285211788490415,
          0.15670016407966614
        ],
        [
          -4.389443347463384e-05,
          1.0,
          -7.522923988290131e-05,
          0.00019857208826579154
        ],
        [
          -0.00026285540661774576,
          7.521770749008283e-05,
          1.0,
          -2.863631016225554e-05
        ],
        [
          0.0,
          0.0,
          0.0,
          1.0
        ]
      ]
    },
    {
      "frame_idx": 28,
      "round_idx": 0,
      "interp_t": 0.4375,
      "location_from": "S",
      "location_to": "B",
      "action": "leave",
      "event": "A",
      "c2w": [
        [
          1.0,
          4.3914205889450386e-05,
          0.00026285211788490415,
          0.1625126749277115
        ],
        [
          -4.389443347463384e-05,
          1.0,
          -7.522923988290131e-05,
          0.00019831694953609258
        ],
        [
          -0.00026285540661774576,
          7.521770749008283e-05,
          1.0,
          -3.016416303580627e-05
        ],
        [
          0.0,
          0.0,
          0.0,
          1.0
        ]
      ]
    },
    {
      "frame_idx": 29,
      "round_idx": 0,
      "interp_t": 0.453125,
      "location_from": "S",
      "location_to": "B",
      "action": "leave",
      "event": "A",
      "c2w": [
        [
          1.0,
          4.3914205889450386e-05,
          0.00026285211788490415,
          0.16832517087459564
        ],
        [
          -4.389443347463384e-05,
          1.0,
          -7.522923988290131e-05,
          0.00019806182535830885
        ],
        [
          -0.00026285540661774576,
          7.521770749008283e-05,
          1.0,
          -3.169200863339938e-05
        ],
        [
          0.0,
          0.0,
          0.0,
          1.0
        ]
      ]
    },
    {
      "frame_idx": 30,
      "round_idx": 0,
      "interp_t": 0.46875,
      "location_from": "S",
      "location_to": "B",
      "action": "leave",
      "event": "A",
      "c2w": [
        [
          1.0,
          4.3914205889450386e-05,
          0.00026285211788490415,
          0.1741376668214798
        ],
        [
          -4.389443347463384e-05,
          1.0,
          -7.522923988290131e-05,
          0.0001978066866286099
        ],
        [
          -0.00026285540661774576,
          7.521770749008283e-05,
          1.0,
          -3.3219854230992496e-05
        ],
        [
          0.0,
          0.0,
          0.0,
          1.0
        ]
      ]
    },
    {
      "frame_idx": 31,
      "round_idx": 0,
      "interp_t": 0.484375,
      "location_from": "S",
      "location_to": "B",
      "action": "leave",
      "event": "A",
      "c2w": [
        [
          1.0,
          4.3914205889450386e-05,
          0.00026285211788490415,
          0.17995016276836395
        ],
        [
          -4.389443347463384e-05,
          1.0,
          -7.522923988290131e-05,
          0.00019755154789891094
        ],
        [
          -0.00026285540661774576,
          7.521770749008283e-05,
          1.0,
          -3.474769982858561e-05
        ],
        [
          0.0,
          0.0,
          0.0,
          1.0
        ]
      ]
    },
    {
      "frame_idx": 32,
      "round_idx": 0,
      "interp_t": 0.5,
      "location_from": "S",
      "location_to": "B",
      "action": "leave",
      "event": "A",
      "c2w": [
        [
          1.0,
          4.3914205889450386e-05,
          0.00026285211788490415,
          0.1857626736164093
        ],
        [
          -4.389443347463384e-05,
          1.0,
          -7.522923988290131e-05,
          0.00019729640916921198
        ],
        [
          -0.00026285540661774576,
          7.521770749008283e-05,
          1.0,
          -3.627554906415753e-05
        ],
        [
          0.0,
          0.0,
          0.0,
          1.0
        ]
      ]
    },
    {
      "frame_idx": 33,
      "round_idx": 0,
      "interp_t": 0.515625,
      "location_from": "S",
      "location_to": "B",
      "action": "leave",
      "event": "A",
      "c2w": [
        [
          1.0,
          4.3914205889450386e-05,
          0.00026285211788490415,
          0.19157516956329346
        ],
        [
          -4.389443347463384e-05,
          1.0,
          -7.522923988290131e-05,
          0.00019704127043951303
        ],
        [
          -0.00026285540661774576,
          7.521770749008283e-05,
          1.0,
          -3.7803394661750644e-05
        ],
        [
          0.0,
          0.0,
          0.0,
          1.0
        ]
      ]
    },
    {
      "frame_idx": 34,
      "round_idx": 0,
      "interp_t": 0.53125,
      "location_from": "S",
      "location_to": "B",
      "action": "leave",
      "event": "A",
      "c2w": [
        [
          1.0,
          4.3914205889450386e-05,
          0.00026285211788490415,
          0.1973876655101776
        ],
        [
          -4.389443347463384e-05,
          1.0,
          -7.522923988290131e-05,
          0.00019678613170981407
        ],
        [
          -0.00026285540661774576,
          7.521770749008283e-05,
          1.0,
          -3.933124025934376e-05
        ],
        [
          0.0,
          0.0,
          0.0,
          1.0
        ]
      ]
    },
    {
      "frame_idx": 35,
      "round_idx": 0,
      "interp_t": 0.546875,
      "location_from": "S",
      "location_to": "B",
      "action": "leave",
      "event": "A",
      "c2w": [
        [
          1.0,
          4.3914205889450386e-05,
          0.00026285211788490415,
          0.20320017635822296
        ],
        [
          -4.389443347463384e-05,
          1.0,
          -7.522923988290131e-05,
          0.00019653100753203034
        ],
        [
          -0.00026285540661774576,
          7.521770749008283e-05,
          1.0,
          -4.085908949491568e-05
        ],
        [
          0.0,
          0.0,
          0.0,
          1.0
        ]
      ]
    },
    {
      "frame_idx": 36,
      "round_idx": 0,
      "interp_t": 0.5625,
      "location_from": "S",
      "location_to": "B",
      "action": "leave",
      "event": "A",
      "c2w": [
        [
          1.0,
          4.3914205889450386e-05,
          0.00026285211788490415,
          0.20901267230510712
        ],
        [
          -4.389443347463384e-05,
          1.0,
          -7.522923988290131e-05,
          0.0001962758688023314
        ],
        [
          -0.00026285540661774576,
          7.521770749008283e-05,
          1.0,
          -4.23869387304876e-05
        ],
        [
          0.0,
          0.0,
          0.0,
          1.0
        ]
      ]
    },
    {
      "frame_idx": 37,
      "round_idx": 0,
      "interp_t": 0.578125,
      "location_from": "S",
      "location_to": "B",
      "action": "leave",
      "event": "A",
      "c2w": [
        [
          1.0,
          4.3914205889450386e-05,
          0.00026285211788490415,
          0.21482516825199127
        ],
        [
          -4.389443347463384e-05,
          1.0,
          -7.522923988290131e-05,
          0.00019602073007263243
        ],
        [
          -0.00026285540661774576,
          7.521770749008283e-05,
          1.0,
          -4.3914784328080714e-05
        ],
        [
          0.0,
          0.0,
          0.0,
          1.0
        ]
      ]
    },
    {
      "frame_idx": 38,
      "round_idx": 0,
      "interp_t": 0.59375,
      "location_from": "S",
      "location_to": "B",
      "action": "leave",
      "event": "A",
      "c2w": [
        [
          1.0,
          4.3914205889450386e-05,
          0.00026285211788490415,
          0.22063766419887543
        ],
        [
          -4.389443347463384e-05,
          1.0,
          -7.522923988290131e-05,
          0.00019576559134293348
        ],
        [
          -0.00026285540661774576,
          7.521770749008283e-05,
          1.0,
          -4.544262992567383e-05
        ],
        [
          0.0,
          0.0,
          0.0,
          1.0
        ]
      ]
    },
    {
      "frame_idx": 39,
      "round_idx": 0,
      "interp_t": 0.609375,
      "location_from": "S",
      "location_to": "B",
      "action": "leave",
      "event": "A",
      "c2w": [
        [
          1.0,
          4.3914205889450386e-05,
          0.00026285211788490415,
          0.22645017504692078
        ],
        [
          -4.389443347463384e-05,
          1.0,
          -7.522923988290131e-05,
          0.00019551045261323452
        ],
        [
          -0.00026285540661774576,
          7.521770749008283e-05,
          1.0,
          -4.697047916124575e-05
        ],
        [
          0.0,
          0.0,
          0.0,
          1.0
        ]
      ]
    },
    {
      "frame_idx": 40,
      "round_idx": 0,
      "interp_t": 0.625,
      "location_from": "S",
      "location_to": "B",
      "action": "leave",
      "event": "A",
      "c2w": [
        [
          1.0,
          4.3914205889450386e-05,
          0.00026285211788490415,
          0.23226267099380493
        ],
        [
          -4.389443347463384e-05,
          1.0,
          -7.522923988290131e-05,
          0.00019525531388353556
        ],
        [
          -0.00026285540661774576,
          7.521770749008283e-05,
          1.0,
          -4.849832475883886e-05
        ],
        [
          0.0,
          0.0,
          0.0,
          1.0
        ]
      ]
    },
    {
      "frame_idx": 41,
      "round_idx": 0,
      "interp_t": 0.640625,
      "location_from": "S",
      "location_to": "B",
      "action": "leave",
      "event": "A",
      "c2w": [
        [
          1.0,
          4.3914205889450386e-05,
          0.00026285211788490415,
          0.2380751669406891
        ],
        [
          -4.389443347463384e-05,
          1.0,
          -7.522923988290131e-05,
          0.00019500018970575184
        ],
        [
          -0.00026285540661774576,
          7.521770749008283e-05,
          1.0,
          -5.002617399441078e-05
        ],
        [
          0.0,
          0.0,
          0.0,
          1.0
        ]
      ]
    },
    {
      "frame_idx": 42,
      "round_idx": 0,
      "interp_t": 0.65625,
      "location_from": "S",
      "location_to": "B",
      "action": "leave",
      "event": "A",
      "c2w": [
        [
          1.0,
          4.3914205889450386e-05,
          0.00026285211788490415,
          0.24388766288757324
        ],
        [
          -4.389443347463384e-05,
          1.0,
          -7.522923988290131e-05,
          0.00019474505097605288
        ],
        [
          -0.00026285540661774576,
          7.521770749008283e-05,
          1.0,
          -5.155401595402509e-05
        ],
        [
          0.0,
          0.0,
          0.0,
          1.0
        ]
      ]
    },
    {
      "frame_idx": 43,
      "round_idx": 0,
      "interp_t": 0.671875,
      "location_from": "S",
      "location_to": "B",
      "action": "leave",
      "event": "A",
      "c2w": [
        [
          1.0,
          4.3914205889450386e-05,
          0.00026285211788490415,
          0.2497001737356186
        ],
        [
          -4.389443347463384e-05,
          1.0,
          -7.522923988290131e-05,
          0.00019448991224635392
        ],
        [
          -0.00026285540661774576,
          7.521770749008283e-05,
          1.0,
          -5.308186518959701e-05
        ],
        [
          0.0,
          0.0,
          0.0,
          1.0
        ]
      ]
    },
    {
      "frame_idx": 44,
      "round_idx": 0,
      "interp_t": 0.6875,
      "location_from": "S",
      "location_to": "B",
      "action": "leave",
      "event": "A",
      "c2w": [
        [
          1.0,
          4.3914205889450386e-05,
          0.00026285211788490415,
          0.25551268458366394
        ],
        [
          -4.389443347463384e-05,
          1.0,
          -7.522923988290131e-05,
          0.00019423477351665497
        ],
        [
          -0.00026285540661774576,
          7.521770749008283e-05,
          1.0,
          -5.460971442516893e-05
        ],
        [
          0.0,
          0.0,
          0.0,
          1.0
        ]
      ]
    },
    {
      "frame_idx": 45,
      "round_idx": 0,
      "interp_t": 0.703125,
      "location_from": "S",
      "location_to": "B",
      "action": "leave",
      "event": "A",
      "c2w": [
        [
          1.0,
          4.3914205889450386e-05,
          0.00026285211788490415,
          0.2613251805305481
        ],
        [
          -4.389443347463384e-05,
          1.0,
          -7.522923988290131e-05,
          0.000193979634786956
        ],
        [
          -0.00026285540661774576,
          7.521770749008283e-05,
          1.0,
          -5.613755638478324e-05
        ],
        [
          0.0,
          0.0,
          0.0,
          1.0
        ]
      ]
    },
    {
      "frame_idx": 46,
      "round_idx": 0,
      "interp_t": 0.71875,
      "location_from": "S",
      "location_to": "B",
