{
  "sample_id": "kid_coffee_case2_left_seed42",
  "image_path": "examples/inference_sample/raw/kid_coffee.png",
  "scene_meta_path": "/home/zicheng/Projects/LiveWorld/examples/inference_sample/processed/kid_coffee/scene_pointcloud/kid_coffee_stream3r_scene_meta.npz",
  "geometry_path": "",
  "combo_id": "case2_left",
  "case_type": "case2",
  "motion_primitive": "case2_left",
  "num_rounds": 4,
  "num_events": 1,
  "first_frame_has_event": true,
  "first_c2w": [
    [
      1.0,
      4.3914205889450386e-05,
      0.00026285211788490415,
      -0.0002373274037381634
    ],
    [
      -4.389443347463384e-05,
      1.0,
      -7.522923988290131e-05,
      0.00020546077576000243
    ],
    [
      -0.00026285540661774576,
      7.521770749008283e-05,
      1.0,
      1.2615558262041304e-05
    ],
    [
      0.0,
      0.0,
      0.0,
      1.0
    ]
  ],
  "object_detection": {
    "entities": [
      "person"
    ],
    "bbox_xyxy": [
      326,
      101,
      507,
      330
    ],
    "area_ratio": 0.10481770833333333,
    "method": "qwen_sam"
  },
  "scene_features": {
    "brightness_mean": 0.5564550928544495,
    "edge_density": 0.09872295673076924,
    "texture_std": 25.259679794311523,
    "clutter_score": 0.31183057198157677,
    "environment_hint": "moderate"
  },
  "scene_scale": {
    "scene_center": [
      0.0,
      0.0,
      0.0
    ],
    "scene_extent_x": 0.8203325271606445,
    "scene_extent_z": 0.4866427183151245,
    "nav_radius": 0.4,
    "event_radius": 0.8,
    "motion_scale": 0.8422304048354811,
    "geometry_used": true
  },
  "distance_normalization": {
    "mode": "screen_uniform",
    "target_shift_ratio": 0.18,
    "screen_depth_percentile": 45.0,
    "distance_blend_alpha": 0.7
  },
  "view_calibration": {
    "enabled": true,
    "event_center_local": [
      -0.0008422146202065051,
      -0.013432754203677177,
      0.72775799036026
    ],
    "calibration_points_source": "foreground_event_points",
    "calibration_points_count": 611,
    "exit_visible_ratio": 0.2,
    "exit_visible_count_threshold": 123,
    "all_foreground_points_exit_required": false,
    "projection_exit_criterion": "visible_fg_projection_count <= 123 (ratio <= 0.2000)",
    "image_width": 832,
    "image_height": 480
  },
  "event_slots": {
    "A": {
      "entities": [
        "person"
      ],
      "entity": "person",
      "position": [
        -0.0002373274037381634,
        0.00020546077576000243,
        1.2615558262041304e-05
      ],
      "spawn_round": -1,
      "position_local": [
        0.0,
        0.0,
        0.0
      ]
    }
  },
  "location_pool": {
    "S": [
      -0.0002373274037381634,
      0.00020546077576000243,
      1.2615558262041304e-05
    ],
    "O": [
      -0.00014270063547883183,
      0.00017837824998423457,
      0.36001262068748474
    ],
    "A": [
      -0.0002373274037381634,
      0.00020546077576000243,
      1.2615558262041304e-05
    ],
    "B": [
      -0.64033442735672,
      0.0002613507385831326,
      -0.36932334303855896
    ],
    "C": [
      -0.0003344523720443249,
      0.00023325829533860087,
      -0.3694915771484375
    ]
  },
  "round_target_sequence": [
    "B",
    "B",
    "C",
    "C"
  ],
  "nav_points": {
    "N0": [
      0.0,
      0.0,
      0.4
    ],
    "N1": [
      0.34641016151377546,
      0.0,
      0.20000000000000007
    ],
    "N2": [
      0.3464101615137755,
      0.0,
      -0.19999999999999993
    ],
    "N3": [
      4.898587196589413e-17,
      0.0,
      -0.4
    ],
    "N4": [
      -0.34641016151377535,
      0.0,
      -0.20000000000000018
    ],
    "N5": [
      -0.34641016151377546,
      0.0,
      0.20000000000000007
    ]
  },
  "round_plan": {
    "0": {
      "action": "leave",
      "event": "A",
      "location_from": "S",
      "location_to": "B",
      "camera_start": [
        0.0,
        0.0,
        0.0
      ],
      "camera_end": [
        -0.6400000000000001,
        0.0,
        -0.36950417228136057
      ],
      "pose_start_c2w": [
        [
          1.0,
          0.0,
          0.0,
          0.0
        ],
        [
          0.0,
          1.0,
          0.0,
          0.0
        ],
        [
          0.0,
          0.0,
          1.0,
          0.0
        ],
        [
          0.0,
          0.0,
          0.0,
          1.0
        ]
      ],
      "pose_end_c2w": [
        [
          0.5000000596046448,
          -0.0,
          0.8660253286361694,
          -0.6399999856948853
        ],
        [
          0.0,
          1.0,
          0.0,
          0.0
        ],
        [
          -0.8660253882408142,
          0.0,
          0.5,
          -0.3695041835308075
        ],
        [
          0.0,
          0.0,
          0.0,
          1.0
        ]
      ],
      "look_at": [
        0.0,
        0.0,
        0.0
      ]
    },
    "1": {
      "action": "leave",
      "event": "A",
      "location_from": "B",
      "location_to": "B",
      "camera_start": [
        -0.6400000000000001,
        0.0,
        -0.36950417228136057
      ],
      "camera_end": [
        -0.6400000000000001,
        0.0,
        -0.36950417228136057
      ],
      "pose_start_c2w": [
        [
          0.5000000596046448,
          -0.0,
          0.8660253286361694,
          -0.6399999856948853
        ],
        [
          0.0,
          1.0,
          0.0,
          0.0
        ],
        [
          -0.8660253882408142,
          0.0,
          0.5,
          -0.3695041835308075
        ],
        [
          0.0,
          0.0,
          0.0,
          1.0
        ]
      ],
      "pose_end_c2w": [
        [
          0.5000000596046448,
          -0.0,
          0.8660253286361694,
          -0.6399999856948853
        ],
        [
          0.0,
          1.0,
          0.0,
          0.0
        ],
        [
          -0.8660253882408142,
          0.0,
          0.5,
          -0.3695041835308075
        ],
        [
          0.0,
          0.0,
          0.0,
          1.0
        ]
      ],
      "look_at": [
        0.0,
        0.0,
        0.0
      ]
    },
    "2": {
      "action": "leave",
      "event": "A",
      "location_from": "B",
      "location_to": "C",
      "camera_start": [
        -0.6400000000000001,
        0.0,
        -0.36950417228136057
      ],
      "camera_end": [
        0.0,
        0.0,
        -0.36950417228136057
      ],
      "pose_start_c2w": [
        [
          0.5000000596046448,
          -0.0,
          0.8660253286361694,
          -0.6399999856948853
        ],
        [
          0.0,
          1.0,
          0.0,
          0.0
        ],
        [
          -0.8660253882408142,
          0.0,
          0.5,
          -0.3695041835308075
        ],
        [
          0.0,
          0.0,
          0.0,
          1.0
        ]
      ],
      "pose_end_c2w": [
        [
          1.0,
          -0.0,
          0.0,
          0.0
        ],
        [
          0.0,
          1.0,
          0.0,
          0.0
        ],
        [
          -0.0,
          0.0,
          1.0,
          -0.3695041835308075
        ],
        [
          0.0,
          0.0,
          0.0,
          1.0
        ]
      ],
      "look_at": [
        0.0,
        0.0,
        0.0
      ]
    },
    "3": {
      "action": "leave",
      "event": "A",
      "location_from": "C",
      "location_to": "C",
      "camera_start": [
        0.0,
        0.0,
        -0.36950417228136057
      ],
      "camera_end": [
        0.0,
        0.0,
        -0.36950417228136057
      ],
      "pose_start_c2w": [
        [
          1.0,
          -0.0,
          0.0,
          0.0
        ],
        [
          0.0,
          1.0,
          0.0,
          0.0
        ],
        [
          -0.0,
          0.0,
          1.0,
          -0.3695041835308075
        ],
        [
          0.0,
          0.0,
          0.0,
          1.0
        ]
      ],
      "pose_end_c2w": [
        [
          1.0,
          -0.0,
          0.0,
          0.0
        ],
        [
          0.0,
          1.0,
          0.0,
          0.0
        ],
        [
          -0.0,
          0.0,
          1.0,
          -0.3695041835308075
        ],
        [
          0.0,
          0.0,
          0.0,
          1.0
        ]
      ],
      "look_at": [
        0.0,
        0.0,
        0.0
      ]
    }
  },
  "frames_per_round": 65,
  "fps": 16,
  "total_frames": 260,
  "trajectory_frames": [
    {
      "frame_idx": 0,
      "round_idx": 0,
      "interp_t": 0.0,
      "location_from": "S",
      "location_to": "B",
      "action": "leave",
      "event": "A",
      "c2w": [
        [
          1.0,
          4.3914205889450386e-05,
          0.00026285211788490415,
          -0.0002373274037381634
        ],
        [
          -4.389443347463384e-05,
          1.0,
          -7.522923988290131e-05,
          0.00020546077576000243
        ],
        [
          -0.00026285540661774576,
          7.521770749008283e-05,
          1.0,
          1.2615558262041304e-05
        ],
        [
          0.0,
          0.0,
          0.0,
          1.0
        ]
      ]
    },
    {
      "frame_idx": 1,
      "round_idx": 0,
      "interp_t": 0.015625,
      "location_from": "S",
      "location_to": "B",
      "action": "leave",
      "event": "A",
      "c2w": [
        [
          1.0,
          4.3914205889450386e-05,
          0.00026285211788490415,
          -0.010176334530115128
        ],
        [
          -4.389443347463384e-05,
          1.0,
          -7.522923988290131e-05,
          0.00020632859377656132
        ],
        [
          -0.00026285540661774576,
          7.521770749008283e-05,
          1.0,
          -0.005722190719097853
        ],
        [
          0.0,
          0.0,
          0.0,
          1.0
        ]
      ]
    },
    {
      "frame_idx": 2,
      "round_idx": 0,
      "interp_t": 0.03125,
      "location_from": "S",
      "location_to": "B",
      "action": "leave",
      "event": "A",
      "c2w": [
        [
          1.0,
          4.3914205889450386e-05,
          0.00026285211788490415,
          -0.020115341991186142
        ],
        [
          -4.389443347463384e-05,
          1.0,
          -7.522923988290131e-05,
          0.00020719642634503543
        ],
        [
          -0.00026285540661774576,
          7.521770749008283e-05,
          1.0,
          -0.011456997133791447
        ],
        [
          0.0,
          0.0,
          0.0,
          1.0
        ]
      ]
    },
    {
      "frame_idx": 3,
      "round_idx": 0,
      "interp_t": 0.046875,
      "location_from": "S",
      "location_to": "B",
      "action": "leave",
      "event": "A",
      "c2w": [
        [
          1.0,
          4.3914205889450386e-05,
          0.00026285211788490415,
          -0.030054351314902306
        ],
        [
          -4.389443347463384e-05,
          1.0,
          -7.522923988290131e-05,
          0.00020806424436159432
        ],
        [
          -0.00026285540661774576,
          7.521770749008283e-05,
          1.0,
          -0.017191803082823753
        ],
        [
          0.0,
          0.0,
          0.0,
          1.0
        ]
      ]
    },
    {
      "frame_idx": 4,
      "round_idx": 0,
      "interp_t": 0.0625,
      "location_from": "S",
      "location_to": "B",
      "action": "leave",
      "event": "A",
      "c2w": [
        [
          1.0,
          4.3914205889450386e-05,
          0.00026285211788490415,
          -0.03999335691332817
        ],
        [
          -4.389443347463384e-05,
          1.0,
          -7.522923988290131e-05,
          0.0002089320623781532
        ],
        [
          -0.00026285540661774576,
          7.521770749008283e-05,
          1.0,
          -0.022926609963178635
        ],
        [
          0.0,
          0.0,
          0.0,
          1.0
        ]
      ]
    },
    {
      "frame_idx": 5,
      "round_idx": 0,
      "interp_t": 0.078125,
      "location_from": "S",
      "location_to": "B",
      "action": "leave",
      "event": "A",
      "c2w": [
        [
          1.0,
          4.3914205889450386e-05,
          0.00026285211788490415,
          -0.049932364374399185
        ],
        [
          -4.389443347463384e-05,
          1.0,
          -7.522923988290131e-05,
          0.00020979989494662732
        ],
        [
          -0.00026285540661774576,
          7.521770749008283e-05,
          1.0,
          -0.028661414980888367
        ],
        [
          0.0,
          0.0,
          0.0,
          1.0
        ]
      ]
    },
    {
      "frame_idx": 6,
      "round_idx": 0,
      "interp_t": 0.09375,
      "location_from": "S",
      "location_to": "B",
      "action": "leave",
      "event": "A",
      "c2w": [
        [
          1.0,
          4.3914205889450386e-05,
          0.00026285211788490415,
          -0.0598713755607605
        ],
        [
          -4.389443347463384e-05,
          1.0,
          -7.522923988290131e-05,
          0.0002106677129631862
        ],
        [
          -0.00026285540661774576,
          7.521770749008283e-05,
          1.0,
          -0.0343962237238884
        ],
        [
          0.0,
          0.0,
          0.0,
          1.0
        ]
      ]
    },
    {
      "frame_idx": 7,
      "round_idx": 0,
      "interp_t": 0.109375,
      "location_from": "S",
      "location_to": "B",
      "action": "leave",
      "event": "A",
      "c2w": [
        [
          1.0,
          4.3914205889450386e-05,
          0.00026285211788490415,
          -0.06981038302183151
        ],
        [
          -4.389443347463384e-05,
          1.0,
          -7.522923988290131e-05,
          0.0002115355309797451
        ],
        [
          -0.00026285540661774576,
          7.521770749008283e-05,
          1.0,
          -0.04013103246688843
        ],
        [
          0.0,
          0.0,
          0.0,
          1.0
        ]
      ]
    },
    {
      "frame_idx": 8,
      "round_idx": 0,
      "interp_t": 0.125,
      "location_from": "S",
      "location_to": "B",
      "action": "leave",
      "event": "A",
      "c2w": [
        [
          1.0,
          4.3914205889450386e-05,
          0.00026285211788490415,
          -0.07974939048290253
        ],
        [
          -4.389443347463384e-05,
          1.0,
          -7.522923988290131e-05,
          0.00021240334899630398
        ],
        [
          -0.00026285540661774576,
          7.521770749008283e-05,
          1.0,
          -0.04586583748459816
        ],
        [
          0.0,
          0.0,
          0.0,
          1.0
        ]
      ]
    },
    {
      "frame_idx": 9,
      "round_idx": 0,
      "interp_t": 0.140625,
      "location_from": "S",
      "location_to": "B",
      "action": "leave",
      "event": "A",
      "c2w": [
        [
          1.0,
          4.3914205889450386e-05,
          0.00026285211788490415,
          -0.08968840539455414
        ],
        [
          -4.389443347463384e-05,
          1.0,
          -7.522923988290131e-05,
          0.0002132711815647781
        ],
        [
          -0.00026285540661774576,
          7.521770749008283e-05,
          1.0,
          -0.05160063877701759
        ],
        [
          0.0,
          0.0,
          0.0,
          1.0
        ]
      ]
    },
    {
      "frame_idx": 10,
      "round_idx": 0,
      "interp_t": 0.15625,
      "location_from": "S",
      "location_to": "B",
      "action": "leave",
      "event": "A",
      "c2w": [
        [
          1.0,
          4.3914205889450386e-05,
          0.00026285211788490415,
          -0.09962740540504456
        ],
        [
          -4.389443347463384e-05,
          1.0,
          -7.522923988290131e-05,
          0.00021413899958133698
        ],
        [
          -0.00026285540661774576,
          7.521770749008283e-05,
          1.0,
          -0.057335447520017624
        ],
        [
          0.0,
          0.0,
          0.0,
          1.0
        ]
      ]
    },
    {
      "frame_idx": 11,
      "round_idx": 0,
      "interp_t": 0.171875,
      "location_from": "S",
      "location_to": "B",
      "action": "leave",
      "event": "A",
      "c2w": [
        [
          1.0,
          4.3914205889450386e-05,
          0.00026285211788490415,
          -0.10956642031669617
        ],
        [
          -4.389443347463384e-05,
          1.0,
          -7.522923988290131e-05,
          0.00021500681759789586
        ],
        [
          -0.00026285540661774576,
          7.521770749008283e-05,
          1.0,
          -0.06307025253772736
        ],
        [
          0.0,
          0.0,
          0.0,
          1.0
        ]
      ]
    },
    {
      "frame_idx": 12,
      "round_idx": 0,
      "interp_t": 0.1875,
      "location_from": "S",
      "location_to": "B",
      "action": "leave",
      "event": "A",
      "c2w": [
        [
          1.0,
          4.3914205889450386e-05,
          0.00026285211788490415,
          -0.11950542777776718
        ],
        [
          -4.389443347463384e-05,
          1.0,
          -7.522923988290131e-05,
          0.00021587465016636997
        ],
        [
          -0.00026285540661774576,
          7.521770749008283e-05,
          1.0,
          -0.06880506128072739
        ],
        [
          0.0,
          0.0,
          0.0,
          1.0
        ]
      ]
    },
    {
      "frame_idx": 13,
      "round_idx": 0,
      "interp_t": 0.203125,
      "location_from": "S",
      "location_to": "B",
      "action": "leave",
      "event": "A",
      "c2w": [
        [
          1.0,
          4.3914205889450386e-05,
          0.00026285211788490415,
          -0.1294444352388382
        ],
        [
          -4.389443347463384e-05,
          1.0,
          -7.522923988290131e-05,
          0.00021674246818292886
        ],
        [
          -0.00026285540661774576,
          7.521770749008283e-05,
          1.0,
          -0.07453986257314682
        ],
        [
          0.0,
          0.0,
          0.0,
          1.0
        ]
      ]
    },
    {
      "frame_idx": 14,
      "round_idx": 0,
      "interp_t": 0.21875,
      "location_from": "S",
      "location_to": "B",
      "action": "leave",
      "event": "A",
      "c2w": [
        [
          1.0,
          4.3914205889450386e-05,
          0.00026285211788490415,
          -0.1393834352493286
        ],
        [
          -4.389443347463384e-05,
          1.0,
          -7.522923988290131e-05,
          0.00021761028619948775
        ],
        [
          -0.00026285540661774576,
          7.521770749008283e-05,
          1.0,
          -0.08027467876672745
        ],
        [
          0.0,
          0.0,
          0.0,
          1.0
        ]
      ]
    },
    {
      "frame_idx": 15,
      "round_idx": 0,
      "interp_t": 0.234375,
      "location_from": "S",
      "location_to": "B",
      "action": "leave",
      "event": "A",
      "c2w": [
        [
          1.0,
          4.3914205889450386e-05,
          0.00026285211788490415,
          -0.14932245016098022
        ],
        [
          -4.389443347463384e-05,
          1.0,
          -7.522923988290131e-05,
          0.00021847811876796186
        ],
        [
          -0.00026285540661774576,
          7.521770749008283e-05,
          1.0,
          -0.08600948005914688
        ],
        [
          0.0,
          0.0,
          0.0,
          1.0
        ]
      ]
    },
    {
      "frame_idx": 16,
      "round_idx": 0,
      "interp_t": 0.25,
      "location_from": "S",
      "location_to": "B",
      "action": "leave",
      "event": "A",
      "c2w": [
        [
          1.0,
          4.3914205889450386e-05,
          0.00026285211788490415,
          -0.15926145017147064
        ],
        [
          -4.389443347463384e-05,
          1.0,
          -7.522923988290131e-05,
          0.00021934593678452075
        ],
        [
          -0.00026285540661774576,
          7.521770749008283e-05,
          1.0,
          -0.09174428880214691
        ],
        [
          0.0,
          0.0,
          0.0,
          1.0
        ]
      ]
    },
    {
      "frame_idx": 17,
      "round_idx": 0,
      "interp_t": 0.265625,
      "location_from": "S",
      "location_to": "B",
      "action": "leave",
      "event": "A",
      "c2w": [
        [
          1.0,
          4.3914205889450386e-05,
          0.00026285211788490415,
          -0.16920046508312225
        ],
        [
          -4.389443347463384e-05,
          1.0,
          -7.522923988290131e-05,
          0.00022021375480107963
        ],
        [
          -0.00026285540661774576,
          7.521770749008283e-05,
          1.0,
          -0.09747909009456635
        ],
        [
          0.0,
          0.0,
          0.0,
          1.0
        ]
      ]
    },
    {
      "frame_idx": 18,
      "round_idx": 0,
      "interp_t": 0.28125,
      "location_from": "S",
      "location_to": "B",
      "action": "leave",
      "event": "A",
      "c2w": [
        [
          1.0,
          4.3914205889450386e-05,
          0.00026285211788490415,
          -0.17913947999477386
        ],
        [
          -4.389443347463384e-05,
          1.0,
          -7.522923988290131e-05,
          0.00022108158736955374
        ],
        [
          -0.00026285540661774576,
          7.521770749008283e-05,
          1.0,
          -0.10321389138698578
        ],
        [
          0.0,
          0.0,
          0.0,
          1.0
        ]
      ]
    },
    {
      "frame_idx": 19,
      "round_idx": 0,
      "interp_t": 0.296875,
      "location_from": "S",
      "location_to": "B",
      "action": "leave",
      "event": "A",
      "c2w": [
        [
          1.0,
          4.3914205889450386e-05,
          0.00026285211788490415,
          -0.18907848000526428
        ],
        [
          -4.389443347463384e-05,
          1.0,
          -7.522923988290131e-05,
          0.00022194940538611263
        ],
        [
          -0.00026285540661774576,
          7.521770749008283e-05,
          1.0,
          -0.1089487075805664
        ],
        [
          0.0,
          0.0,
          0.0,
          1.0
        ]
      ]
    },
    {
      "frame_idx": 20,
      "round_idx": 0,
      "interp_t": 0.3125,
      "location_from": "S",
      "location_to": "B",
      "action": "leave",
      "event": "A",
      "c2w": [
        [
          1.0,
          4.3914205889450386e-05,
          0.00026285211788490415,
          -0.1990174800157547
        ],
        [
          -4.389443347463384e-05,
          1.0,
          -7.522923988290131e-05,
          0.00022281722340267152
        ],
        [
          -0.00026285540661774576,
          7.521770749008283e-05,
          1.0,
          -0.11468350887298584
        ],
        [
          0.0,
          0.0,
          0.0,
          1.0
        ]
      ]
    },
    {
      "frame_idx": 21,
      "round_idx": 0,
      "interp_t": 0.328125,
      "location_from": "S",
      "location_to": "B",
      "action": "leave",
      "event": "A",
      "c2w": [
        [
          1.0,
          4.3914205889450386e-05,
          0.00026285211788490415,
          -0.2089564949274063
        ],
        [
          -4.389443347463384e-05,
          1.0,
          -7.522923988290131e-05,
          0.00022368505597114563
        ],
        [
          -0.00026285540661774576,
          7.521770749008283e-05,
          1.0,
          -0.12041831761598587
        ],
        [
          0.0,
          0.0,
          0.0,
          1.0
        ]
      ]
    },
    {
      "frame_idx": 22,
      "round_idx": 0,
      "interp_t": 0.34375,
      "location_from": "S",
      "location_to": "B",
      "action": "leave",
      "event": "A",
      "c2w": [
        [
          1.0,
          4.3914205889450386e-05,
          0.00026285211788490415,
          -0.21889550983905792
        ],
        [
          -4.389443347463384e-05,
          1.0,
          -7.522923988290131e-05,
          0.00022455287398770452
        ],
        [
          -0.00026285540661774576,
          7.521770749008283e-05,
          1.0,
          -0.1261531114578247
        ],
        [
          0.0,
          0.0,
          0.0,
          1.0
        ]
      ]
    },
    {
      "frame_idx": 23,
      "round_idx": 0,
      "interp_t": 0.359375,
      "location_from": "S",
      "location_to": "B",
      "action": "leave",
      "event": "A",
      "c2w": [
        [
          1.0,
          4.3914205889450386e-05,
          0.00026285211788490415,
          -0.22883450984954834
        ],
        [
          -4.389443347463384e-05,
          1.0,
          -7.522923988290131e-05,
          0.0002254206920042634
        ],
        [
          -0.00026285540661774576,
          7.521770749008283e-05,
          1.0,
          -0.13188791275024414
        ],
        [
          0.0,
          0.0,
          0.0,
          1.0
        ]
      ]
    },
    {
      "frame_idx": 24,
      "round_idx": 0,
      "interp_t": 0.375,
      "location_from": "S",
      "location_to": "B",
      "action": "leave",
      "event": "A",
      "c2w": [
        [
          1.0,
          4.3914205889450386e-05,
          0.00026285211788490415,
          -0.23877352476119995
        ],
        [
          -4.389443347463384e-05,
          1.0,
          -7.522923988290131e-05,
          0.0002262885100208223
        ],
        [
          -0.00026285540661774576,
          7.521770749008283e-05,
          1.0,
          -0.13762272894382477
        ],
        [
          0.0,
          0.0,
          0.0,
          1.0
        ]
      ]
    },
    {
      "frame_idx": 25,
      "round_idx": 0,
      "interp_t": 0.390625,
      "location_from": "S",
      "location_to": "B",
      "action": "leave",
      "event": "A",
      "c2w": [
        [
          1.0,
          4.3914205889450386e-05,
          0.00026285211788490415,
          -0.24871252477169037
        ],
        [
          -4.389443347463384e-05,
          1.0,
          -7.522923988290131e-05,
          0.0002271563425892964
        ],
        [
          -0.00026285540661774576,
          7.521770749008283e-05,
          1.0,
          -0.1433575451374054
        ],
        [
          0.0,
          0.0,
          0.0,
          1.0
        ]
      ]
    },
    {
      "frame_idx": 26,
      "round_idx": 0,
      "interp_t": 0.40625,
      "location_from": "S",
      "location_to": "B",
      "action": "leave",
      "event": "A",
      "c2w": [
        [
          1.0,
          4.3914205889450386e-05,
          0.00026285211788490415,
          -0.2586515247821808
        ],
        [
          -4.389443347463384e-05,
          1.0,
          -7.522923988290131e-05,
          0.00022802416060585529
        ],
        [
          -0.00026285540661774576,
          7.521770749008283e-05,
          1.0,
          -0.14909233152866364
        ],
        [
          0.0,
          0.0,
          0.0,
          1.0
        ]
      ]
    },
    {
      "frame_idx": 27,
      "round_idx": 0,
      "interp_t": 0.421875,
      "location_from": "S",
      "location_to": "B",
      "action": "leave",
      "event": "A",
      "c2w": [
        [
          1.0,
          4.3914205889450386e-05,
          0.00026285211788490415,
          -0.26859050989151
        ],
        [
          -4.389443347463384e-05,
          1.0,
          -7.522923988290131e-05,
          0.00022889197862241417
        ],
        [
          -0.00026285540661774576,
          7.521770749008283e-05,
          1.0,
          -0.15482714772224426
        ],
        [
          0.0,
          0.0,
          0.0,
          1.0
        ]
      ]
    },
    {
      "frame_idx": 28,
      "round_idx": 0,
      "interp_t": 0.4375,
      "location_from": "S",
      "location_to": "B",
      "action": "leave",
      "event": "A",
      "c2w": [
        [
          1.0,
          4.3914205889450386e-05,
          0.00026285211788490415,
          -0.2785295248031616
        ],
        [
          -4.389443347463384e-05,
          1.0,
          -7.522923988290131e-05,
          0.00022975981119088829
        ],
        [
          -0.00026285540661774576,
          7.521770749008283e-05,
          1.0,
          -0.1605619639158249
        ],
        [
          0.0,
          0.0,
          0.0,
          1.0
        ]
      ]
    },
    {
      "frame_idx": 29,
      "round_idx": 0,
      "interp_t": 0.453125,
      "location_from": "S",
      "location_to": "B",
      "action": "leave",
      "event": "A",
      "c2w": [
        [
          1.0,
          4.3914205889450386e-05,
          0.00026285211788490415,
          -0.28846853971481323
        ],
        [
          -4.389443347463384e-05,
          1.0,
          -7.522923988290131e-05,
          0.00023062762920744717
        ],
        [
          -0.00026285540661774576,
          7.521770749008283e-05,
          1.0,
          -0.16629675030708313
        ],
        [
          0.0,
          0.0,
          0.0,
          1.0
        ]
      ]
    },
    {
      "frame_idx": 30,
      "round_idx": 0,
      "interp_t": 0.46875,
      "location_from": "S",
      "location_to": "B",
      "action": "leave",
      "event": "A",
      "c2w": [
        [
          1.0,
          4.3914205889450386e-05,
          0.00026285211788490415,
          -0.29840755462646484
        ],
        [
          -4.389443347463384e-05,
          1.0,
          -7.522923988290131e-05,
          0.00023149544722400606
        ],
        [
          -0.00026285540661774576,
          7.521770749008283e-05,
          1.0,
          -0.17203156650066376
        ],
        [
          0.0,
          0.0,
          0.0,
          1.0
        ]
      ]
    },
    {
      "frame_idx": 31,
      "round_idx": 0,
      "interp_t": 0.484375,
      "location_from": "S",
      "location_to": "B",
      "action": "leave",
      "event": "A",
      "c2w": [
        [
          1.0,
          4.3914205889450386e-05,
          0.00026285211788490415,
          -0.30834656953811646
        ],
        [
          -4.389443347463384e-05,
          1.0,
          -7.522923988290131e-05,
          0.00023236327979248017
        ],
        [
          -0.00026285540661774576,
          7.521770749008283e-05,
          1.0,
          -0.1777663677930832
        ],
        [
          0.0,
          0.0,
          0.0,
          1.0
        ]
      ]
    },
    {
      "frame_idx": 32,
      "round_idx": 0,
      "interp_t": 0.5,
      "location_from": "S",
      "location_to": "B",
      "action": "leave",
      "event": "A",
      "c2w": [
        [
          1.0,
          4.3914205889450386e-05,
          0.00026285211788490415,
          -0.3182855546474457
        ],
        [
          -4.389443347463384e-05,
          1.0,
          -7.522923988290131e-05,
          0.00023323109780903906
        ],
        [
          -0.00026285540661774576,
          7.521770749008283e-05,
          1.0,
          -0.18350118398666382
        ],
        [
          0.0,
          0.0,
          0.0,
          1.0
        ]
      ]
    },
    {
      "frame_idx": 33,
      "round_idx": 0,
      "interp_t": 0.515625,
      "location_from": "S",
      "location_to": "B",
      "action": "leave",
      "event": "A",
      "c2w": [
        [
          1.0,
          4.3914205889450386e-05,
          0.00026285211788490415,
          -0.3282245695590973
        ],
        [
          -4.389443347463384e-05,
          1.0,
          -7.522923988290131e-05,
          0.00023409891582559794
        ],
        [
          -0.00026285540661774576,
          7.521770749008283e-05,
          1.0,
          -0.18923598527908325
        ],
        [
          0.0,
          0.0,
          0.0,
          1.0
        ]
      ]
    },
    {
      "frame_idx": 34,
      "round_idx": 0,
      "interp_t": 0.53125,
      "location_from": "S",
      "location_to": "B",
      "action": "leave",
      "event": "A",
      "c2w": [
        [
          1.0,
          4.3914205889450386e-05,
          0.00026285211788490415,
          -0.3381635844707489
        ],
        [
          -4.389443347463384e-05,
          1.0,
          -7.522923988290131e-05,
          0.00023496674839407206
        ],
        [
          -0.00026285540661774576,
          7.521770749008283e-05,
          1.0,
          -0.19497078657150269
        ],
        [
          0.0,
          0.0,
          0.0,
          1.0
        ]
      ]
    },
    {
      "frame_idx": 35,
      "round_idx": 0,
      "interp_t": 0.546875,
      "location_from": "S",
      "location_to": "B",
      "action": "leave",
      "event": "A",
      "c2w": [
        [
          1.0,
          4.3914205889450386e-05,
          0.00026285211788490415,
          -0.3481025695800781
        ],
        [
          -4.389443347463384e-05,
          1.0,
          -7.522923988290131e-05,
          0.00023583456641063094
        ],
        [
          -0.00026285540661774576,
          7.521770749008283e-05,
          1.0,
          -0.2007056027650833
        ],
        [
          0.0,
          0.0,
          0.0,
          1.0
        ]
      ]
    },
    {
      "frame_idx": 36,
      "round_idx": 0,
      "interp_t": 0.5625,
      "location_from": "S",
      "location_to": "B",
      "action": "leave",
      "event": "A",
      "c2w": [
        [
          1.0,
          4.3914205889450386e-05,
          0.00026285211788490415,
          -0.3580416142940521
        ],
        [
          -4.389443347463384e-05,
          1.0,
          -7.522923988290131e-05,
          0.00023670238442718983
        ],
        [
          -0.00026285540661774576,
          7.521770749008283e-05,
          1.0,
          -0.20644038915634155
        ],
        [
          0.0,
          0.0,
          0.0,
          1.0
        ]
      ]
    },
    {
      "frame_idx": 37,
      "round_idx": 0,
      "interp_t": 0.578125,
      "location_from": "S",
      "location_to": "B",
      "action": "leave",
      "event": "A",
      "c2w": [
        [
          1.0,
          4.3914205889450386e-05,
          0.00026285211788490415,
          -0.36798059940338135
        ],
        [
          -4.389443347463384e-05,
          1.0,
          -7.522923988290131e-05,
          0.0002375702024437487
        ],
        [
          -0.00026285540661774576,
          7.521770749008283e-05,
          1.0,
          -0.21217520534992218
        ],
        [
          0.0,
          0.0,
          0.0,
          1.0
        ]
      ]
    },
    {
      "frame_idx": 38,
      "round_idx": 0,
      "interp_t": 0.59375,
      "location_from": "S",
      "location_to": "B",
      "action": "leave",
      "event": "A",
      "c2w": [
        [
          1.0,
          4.3914205889450386e-05,
          0.00026285211788490415,
          -0.37791961431503296
        ],
        [
          -4.389443347463384e-05,
          1.0,
          -7.522923988290131e-05,
          0.00023843803501222283
        ],
        [
          -0.00026285540661774576,
          7.521770749008283e-05,
          1.0,
          -0.2179100215435028
        ],
        [
          0.0,
          0.0,
          0.0,
          1.0
        ]
      ]
    },
    {
      "frame_idx": 39,
      "round_idx": 0,
      "interp_t": 0.609375,
      "location_from": "S",
      "location_to": "B",
      "action": "leave",
      "event": "A",
      "c2w": [
        [
          1.0,
          4.3914205889450386e-05,
          0.00026285211788490415,
          -0.38785862922668457
        ],
        [
          -4.389443347463384e-05,
          1.0,
          -7.522923988290131e-05,
          0.0002393058530287817
        ],
        [
          -0.00026285540661774576,
          7.521770749008283e-05,
          1.0,
          -0.22364480793476105
        ],
        [
          0.0,
          0.0,
          0.0,
          1.0
        ]
      ]
    },
    {
      "frame_idx": 40,
      "round_idx": 0,
      "interp_t": 0.625,
      "location_from": "S",
      "location_to": "B",
      "action": "leave",
      "event": "A",
      "c2w": [
        [
          1.0,
          4.3914205889450386e-05,
          0.00026285211788490415,
          -0.3977976143360138
        ],
        [
          -4.389443347463384e-05,
          1.0,
          -7.522923988290131e-05,
          0.0002401736710453406
        ],
        [
          -0.00026285540661774576,
          7.521770749008283e-05,
          1.0,
          -0.22937962412834167
        ],
        [
          0.0,
          0.0,
          0.0,
          1.0
        ]
      ]
    },
    {
      "frame_idx": 41,
      "round_idx": 0,
      "interp_t": 0.640625,
      "location_from": "S",
      "location_to": "B",
      "action": "leave",
      "event": "A",
      "c2w": [
        [
          1.0,
          4.3914205889450386e-05,
          0.00026285211788490415,
          -0.4077366292476654
        ],
        [
          -4.389443347463384e-05,
          1.0,
          -7.522923988290131e-05,
          0.0002410415036138147
        ],
        [
          -0.00026285540661774576,
          7.521770749008283e-05,
          1.0,
          -0.2351144403219223
        ],
        [
          0.0,
          0.0,
          0.0,
          1.0
        ]
      ]
    },
    {
      "frame_idx": 42,
      "round_idx": 0,
      "interp_t": 0.65625,
      "location_from": "S",
      "location_to": "B",
      "action": "leave",
      "event": "A",
      "c2w": [
        [
          1.0,
          4.3914205889450386e-05,
          0.00026285211788490415,
          -0.417675644159317
        ],
        [
          -4.389443347463384e-05,
          1.0,
          -7.522923988290131e-05,
          0.0002419093216303736
        ],
        [
          -0.00026285540661774576,
          7.521770749008283e-05,
          1.0,
          -0.24084924161434174
        ],
        [
          0.0,
          0.0,
          0.0,
          1.0
        ]
      ]
    },
    {
      "frame_idx": 43,
      "round_idx": 0,
      "interp_t": 0.671875,
      "location_from": "S",
      "location_to": "B",
      "action": "leave",
      "event": "A",
      "c2w": [
        [
          1.0,
          4.3914205889450386e-05,
          0.00026285211788490415,
          -0.42761465907096863
        ],
        [
          -4.389443347463384e-05,
          1.0,
          -7.522923988290131e-05,
          0.00024277713964693248
        ],
        [
          -0.00026285540661774576,
          7.521770749008283e-05,
          1.0,
          -0.24658404290676117
        ],
        [
          0.0,
          0.0,
          0.0,
          1.0
        ]
      ]
    },
    {
      "frame_idx": 44,
      "round_idx": 0,
      "interp_t": 0.6875,
      "location_from": "S",
      "location_to": "B",
      "action": "leave",
      "event": "A",
      "c2w": [
        [
          1.0,
          4.3914205889450386e-05,
          0.00026285211788490415,
          -0.43755367398262024
        ],
        [
          -4.389443347463384e-05,
          1.0,
          -7.522923988290131e-05,
          0.0002436449722154066
        ],
        [
          -0.00026285540661774576,
          7.521770749008283e-05,
          1.0,
          -0.2523188591003418
        ],
        [
          0.0,
          0.0,
          0.0,
          1.0
        ]
      ]
    },
    {
      "frame_idx": 45,
      "round_idx": 0,
      "interp_t": 0.703125,
      "location_from": "S",
      "location_to": "B",
      "action": "leave",
      "event": "A",
      "c2w": [
        [
          1.0,
          4.3914205889450386e-05,
          0.00026285211788490415,
          -0.44749265909194946
        ],
        [
          -4.389443347463384e-05,
