{
  "sample_id": "kid_coffee_case2_right_seed42",
  "image_path": "examples/inference_sample/raw/kid_coffee.png",
  "scene_meta_path": "/home/zicheng/Projects/LiveWorld/examples/inference_sample/processed/kid_coffee/scene_pointcloud/kid_coffee_stream3r_scene_meta.npz",
  "geometry_path": "",
  "combo_id": "case2_right",
  "case_type": "case2",
  "motion_primitive": "case2_right",
  "num_rounds": 4,
  "num_events": 1,
  "first_frame_has_event": true,
  "first_c2w": [
    [
      1.0,
      4.3914205889450386e-05,
      0.00026285211788490415,
      -0.0002373274037381634
    ],
    [
      -4.389443347463384e-05,
      1.0,
      -7.522923988290131e-05,
      0.00020546077576000243
    ],
    [
      -0.00026285540661774576,
      7.521770749008283e-05,
      1.0,
      1.2615558262041304e-05
    ],
    [
      0.0,
      0.0,
      0.0,
      1.0
    ]
  ],
  "object_detection": {
    "entities": [
      "person"
    ],
    "bbox_xyxy": [
      326,
      101,
      507,
      330
    ],
    "area_ratio": 0.10481770833333333,
    "method": "qwen_sam"
  },
  "scene_features": {
    "brightness_mean": 0.5564550928544495,
    "edge_density": 0.09872295673076924,
    "texture_std": 25.259679794311523,
    "clutter_score": 0.31183057198157677,
    "environment_hint": "moderate"
  },
  "scene_scale": {
    "scene_center": [
      0.0,
      0.0,
      0.0
    ],
    "scene_extent_x": 0.8203325271606445,
    "scene_extent_z": 0.4866427183151245,
    "nav_radius": 0.4,
    "event_radius": 0.8,
    "motion_scale": 0.8422304048354811,
    "geometry_used": true
  },
  "distance_normalization": {
    "mode": "screen_uniform",
    "target_shift_ratio": 0.18,
    "screen_depth_percentile": 45.0,
    "distance_blend_alpha": 0.7
  },
  "view_calibration": {
    "enabled": true,
    "event_center_local": [
      -0.0008422146202065051,
      -0.013432754203677177,
      0.72775799036026
    ],
    "calibration_points_source": "foreground_event_points",
    "calibration_points_count": 611,
    "exit_visible_ratio": 0.2,
    "exit_visible_count_threshold": 123,
    "all_foreground_points_exit_required": false,
    "projection_exit_criterion": "visible_fg_projection_count <= 123 (ratio <= 0.2000)",
    "image_width": 832,
    "image_height": 480
  },
  "event_slots": {
    "A": {
      "entities": [
        "person"
      ],
      "entity": "person",
      "position": [
        -0.0002373274037381634,
        0.00020546077576000243,
        1.2615558262041304e-05
      ],
      "spawn_round": -1,
      "position_local": [
        0.0,
        0.0,
        0.0
      ]
    }
  },
  "location_pool": {
    "S": [
      -0.0002373274037381634,
      0.00020546077576000243,
      1.2615558262041304e-05
    ],
    "O": [
      -0.00014270063547883183,
      0.00017837824998423457,
      0.36001262068748474
    ],
    "A": [
      -0.0002373274037381634,
      0.00020546077576000243,
      1.2615558262041304e-05
    ],
    "B": [
      0.6396655440330505,
      0.00020516585209406912,
      -0.36965981125831604
    ],
    "C": [
      -0.0003344523720443249,
      0.00023325829533860087,
      -0.3694915771484375
    ]
  },
  "round_target_sequence": [
    "B",
    "B",
    "C",
    "C"
  ],
  "nav_points": {
    "N0": [
      0.0,
      0.0,
      0.4
    ],
    "N1": [
      0.34641016151377546,
      0.0,
      0.20000000000000007
    ],
    "N2": [
      0.3464101615137755,
      0.0,
      -0.19999999999999993
    ],
    "N3": [
      4.898587196589413e-17,
      0.0,
      -0.4
    ],
    "N4": [
      -0.34641016151377535,
      0.0,
      -0.20000000000000018
    ],
    "N5": [
      -0.34641016151377546,
      0.0,
      0.20000000000000007
    ]
  },
  "round_plan": {
    "0": {
      "action": "leave",
      "event": "A",
      "location_from": "S",
      "location_to": "B",
      "camera_start": [
        0.0,
        0.0,
        0.0
      ],
      "camera_end": [
        0.6400000000000001,
        0.0,
        -0.36950417228136057
      ],
      "pose_start_c2w": [
        [
          1.0,
          0.0,
          0.0,
          0.0
        ],
        [
          0.0,
          1.0,
          0.0,
          0.0
        ],
        [
          0.0,
          0.0,
          1.0,
          0.0
        ],
        [
          0.0,
          0.0,
          0.0,
          1.0
        ]
      ],
      "pose_end_c2w": [
        [
          0.5000000596046448,
          0.0,
          -0.8660253286361694,
          0.6399999856948853
        ],
        [
          0.0,
          1.0,
          0.0,
          0.0
        ],
        [
          0.8660253882408142,
          -0.0,
          0.5,
          -0.3695041835308075
        ],
        [
          0.0,
          0.0,
          0.0,
          1.0
        ]
      ],
      "look_at": [
        0.0,
        0.0,
        0.0
      ]
    },
    "1": {
      "action": "leave",
      "event": "A",
      "location_from": "B",
      "location_to": "B",
      "camera_start": [
        0.6400000000000001,
        0.0,
        -0.36950417228136057
      ],
      "camera_end": [
        0.6400000000000001,
        0.0,
        -0.36950417228136057
      ],
      "pose_start_c2w": [
        [
          0.5000000596046448,
          0.0,
          -0.8660253286361694,
          0.6399999856948853
        ],
        [
          0.0,
          1.0,
          0.0,
          0.0
        ],
        [
          0.8660253882408142,
          -0.0,
          0.5,
          -0.3695041835308075
        ],
        [
          0.0,
          0.0,
          0.0,
          1.0
        ]
      ],
      "pose_end_c2w": [
        [
          0.5000000596046448,
          0.0,
          -0.8660253286361694,
          0.6399999856948853
        ],
        [
          0.0,
          1.0,
          0.0,
          0.0
        ],
        [
          0.8660253882408142,
          -0.0,
          0.5,
          -0.3695041835308075
        ],
        [
          0.0,
          0.0,
          0.0,
          1.0
        ]
      ],
      "look_at": [
        0.0,
        0.0,
        0.0
      ]
    },
    "2": {
      "action": "leave",
      "event": "A",
      "location_from": "B",
      "location_to": "C",
      "camera_start": [
        0.6400000000000001,
        0.0,
        -0.36950417228136057
      ],
      "camera_end": [
        0.0,
        0.0,
        -0.36950417228136057
      ],
      "pose_start_c2w": [
        [
          0.5000000596046448,
          0.0,
          -0.8660253286361694,
          0.6399999856948853
        ],
        [
          0.0,
          1.0,
          0.0,
          0.0
        ],
        [
          0.8660253882408142,
          -0.0,
          0.5,
          -0.3695041835308075
        ],
        [
          0.0,
          0.0,
          0.0,
          1.0
        ]
      ],
      "pose_end_c2w": [
        [
          1.0,
          -0.0,
          0.0,
          0.0
        ],
        [
          0.0,
          1.0,
          0.0,
          0.0
        ],
        [
          -0.0,
          0.0,
          1.0,
          -0.3695041835308075
        ],
        [
          0.0,
          0.0,
          0.0,
          1.0
        ]
      ],
      "look_at": [
        0.0,
        0.0,
        0.0
      ]
    },
    "3": {
      "action": "leave",
      "event": "A",
      "location_from": "C",
      "location_to": "C",
      "camera_start": [
        0.0,
        0.0,
        -0.36950417228136057
      ],
      "camera_end": [
        0.0,
        0.0,
        -0.36950417228136057
      ],
      "pose_start_c2w": [
        [
          1.0,
          -0.0,
          0.0,
          0.0
        ],
        [
          0.0,
          1.0,
          0.0,
          0.0
        ],
        [
          -0.0,
          0.0,
          1.0,
          -0.3695041835308075
        ],
        [
          0.0,
          0.0,
          0.0,
          1.0
        ]
      ],
      "pose_end_c2w": [
        [
          1.0,
          -0.0,
          0.0,
          0.0
        ],
        [
          0.0,
          1.0,
          0.0,
          0.0
        ],
        [
          -0.0,
          0.0,
          1.0,
          -0.3695041835308075
        ],
        [
          0.0,
          0.0,
          0.0,
          1.0
        ]
      ],
      "look_at": [
        0.0,
        0.0,
        0.0
      ]
    }
  },
  "frames_per_round": 65,
  "fps": 16,
  "total_frames": 260,
  "trajectory_frames": [
    {
      "frame_idx": 0,
      "round_idx": 0,
      "interp_t": 0.0,
      "location_from": "S",
      "location_to": "B",
      "action": "leave",
      "event": "A",
      "c2w": [
        [
          1.0,
          4.3914205889450386e-05,
          0.00026285211788490415,
          -0.0002373274037381634
        ],
        [
          -4.389443347463384e-05,
          1.0,
          -7.522923988290131e-05,
          0.00020546077576000243
        ],
        [
          -0.00026285540661774576,
          7.521770749008283e-05,
          1.0,
          1.2615558262041304e-05
        ],
        [
          0.0,
          0.0,
          0.0,
          1.0
        ]
      ]
    },
    {
      "frame_idx": 1,
      "round_idx": 0,
      "interp_t": 0.015625,
      "location_from": "S",
      "location_to": "B",
      "action": "leave",
      "event": "A",
      "c2w": [
        [
          1.0,
          4.3914205889450386e-05,
          0.00026285211788490415,
          0.00949036329984665
        ],
        [
          -4.389443347463384e-05,
          1.0,
          -7.522923988290131e-05,
          0.0002054562937701121
        ],
        [
          -0.00026285540661774576,
          7.521770749008283e-05,
          1.0,
          -0.005607078783214092
        ],
        [
          0.0,
          0.0,
          0.0,
          1.0
        ]
      ]
    },
    {
      "frame_idx": 2,
      "round_idx": 0,
      "interp_t": 0.03125,
      "location_from": "S",
      "location_to": "B",
      "action": "leave",
      "event": "A",
      "c2w": [
        [
          1.0,
          4.3914205889450386e-05,
          0.00026285211788490415,
          0.01921805366873741
        ],
        [
          -4.389443347463384e-05,
          1.0,
          -7.522923988290131e-05,
          0.00020545181178022176
        ],
        [
          -0.00026285540661774576,
          7.521770749008283e-05,
          1.0,
          -0.011226773262023926
        ],
        [
          0.0,
          0.0,
          0.0,
          1.0
        ]
      ]
    },
    {
      "frame_idx": 3,
      "round_idx": 0,
      "interp_t": 0.046875,
      "location_from": "S",
      "location_to": "B",
      "action": "leave",
      "event": "A",
      "c2w": [
        [
          1.0,
          4.3914205889450386e-05,
          0.00026285211788490415,
          0.028945744037628174
        ],
        [
          -4.389443347463384e-05,
          1.0,
          -7.522923988290131e-05,
          0.00020544732979033142
        ],
        [
          -0.00026285540661774576,
          7.521770749008283e-05,
          1.0,
          -0.016846466809511185
        ],
        [
          0.0,
          0.0,
          0.0,
          1.0
        ]
      ]
    },
    {
      "frame_idx": 4,
      "round_idx": 0,
      "interp_t": 0.0625,
      "location_from": "S",
      "location_to": "B",
      "action": "leave",
      "event": "A",
      "c2w": [
        [
          1.0,
          4.3914205889450386e-05,
          0.00026285211788490415,
          0.038673434406518936
        ],
        [
          -4.389443347463384e-05,
          1.0,
          -7.522923988290131e-05,
          0.00020544284780044109
        ],
        [
          -0.00026285540661774576,
          7.521770749008283e-05,
          1.0,
          -0.022466162219643593
        ],
        [
          0.0,
          0.0,
          0.0,
          1.0
        ]
      ]
    },
    {
      "frame_idx": 5,
      "round_idx": 0,
      "interp_t": 0.078125,
      "location_from": "S",
      "location_to": "B",
      "action": "leave",
      "event": "A",
      "c2w": [
        [
          1.0,
          4.3914205889450386e-05,
          0.00026285211788490415,
          0.0484011210501194
        ],
        [
          -4.389443347463384e-05,
          1.0,
          -7.522923988290131e-05,
          0.00020543836581055075
        ],
        [
          -0.00026285540661774576,
          7.521770749008283e-05,
          1.0,
          -0.028085857629776
        ],
        [
          0.0,
          0.0,
          0.0,
          1.0
        ]
      ]
    },
    {
      "frame_idx": 6,
      "round_idx": 0,
      "interp_t": 0.09375,
      "location_from": "S",
      "location_to": "B",
      "action": "leave",
      "event": "A",
      "c2w": [
        [
          1.0,
          4.3914205889450386e-05,
          0.00026285211788490415,
          0.05812881514430046
        ],
        [
          -4.389443347463384e-05,
          1.0,
          -7.522923988290131e-05,
          0.00020543386926874518
        ],
        [
          -0.00026285540661774576,
          7.521770749008283e-05,
          1.0,
          -0.03370555117726326
        ],
        [
          0.0,
          0.0,
          0.0,
          1.0
        ]
      ]
    },
    {
      "frame_idx": 7,
      "round_idx": 0,
      "interp_t": 0.109375,
      "location_from": "S",
      "location_to": "B",
      "action": "leave",
      "event": "A",
      "c2w": [
        [
          1.0,
          4.3914205889450386e-05,
          0.00026285211788490415,
          0.06785649806261063
        ],
        [
          -4.389443347463384e-05,
          1.0,
          -7.522923988290131e-05,
          0.00020542938727885485
        ],
        [
          -0.00026285540661774576,
          7.521770749008283e-05,
          1.0,
          -0.03932524472475052
        ],
        [
          0.0,
          0.0,
          0.0,
          1.0
        ]
      ]
    },
    {
      "frame_idx": 8,
      "round_idx": 0,
      "interp_t": 0.125,
      "location_from": "S",
      "location_to": "B",
      "action": "leave",
      "event": "A",
      "c2w": [
        [
          1.0,
          4.3914205889450386e-05,
          0.00026285211788490415,
          0.07758419215679169
        ],
        [
          -4.389443347463384e-05,
          1.0,
          -7.522923988290131e-05,
          0.0002054249052889645
        ],
        [
          -0.00026285540661774576,
          7.521770749008283e-05,
          1.0,
          -0.044944941997528076
        ],
        [
          0.0,
          0.0,
          0.0,
          1.0
        ]
      ]
    },
    {
      "frame_idx": 9,
      "round_idx": 0,
      "interp_t": 0.140625,
      "location_from": "S",
      "location_to": "B",
      "action": "leave",
      "event": "A",
      "c2w": [
        [
          1.0,
          4.3914205889450386e-05,
          0.00026285211788490415,
          0.08731187880039215
        ],
        [
          -4.389443347463384e-05,
          1.0,
          -7.522923988290131e-05,
          0.00020542042329907417
        ],
        [
          -0.00026285540661774576,
          7.521770749008283e-05,
          1.0,
          -0.050564635545015335
        ],
        [
          0.0,
          0.0,
          0.0,
          1.0
        ]
      ]
    },
    {
      "frame_idx": 10,
      "round_idx": 0,
      "interp_t": 0.15625,
      "location_from": "S",
      "location_to": "B",
      "action": "leave",
      "event": "A",
      "c2w": [
        [
          1.0,
          4.3914205889450386e-05,
          0.00026285211788490415,
          0.09703956544399261
        ],
        [
          -4.389443347463384e-05,
          1.0,
          -7.522923988290131e-05,
          0.00020541594130918384
        ],
        [
          -0.00026285540661774576,
          7.521770749008283e-05,
          1.0,
          -0.05618433281779289
        ],
        [
          0.0,
          0.0,
          0.0,
          1.0
        ]
      ]
    },
    {
      "frame_idx": 11,
      "round_idx": 0,
      "interp_t": 0.171875,
      "location_from": "S",
      "location_to": "B",
      "action": "leave",
      "event": "A",
      "c2w": [
        [
          1.0,
          4.3914205889450386e-05,
          0.00026285211788490415,
          0.10676725953817368
        ],
        [
          -4.389443347463384e-05,
          1.0,
          -7.522923988290131e-05,
          0.0002054114593192935
        ],
        [
          -0.00026285540661774576,
          7.521770749008283e-05,
          1.0,
          -0.06180402263998985
        ],
        [
          0.0,
          0.0,
          0.0,
          1.0
        ]
      ]
    },
    {
      "frame_idx": 12,
      "round_idx": 0,
      "interp_t": 0.1875,
      "location_from": "S",
      "location_to": "B",
      "action": "leave",
      "event": "A",
      "c2w": [
        [
          1.0,
          4.3914205889450386e-05,
          0.00026285211788490415,
          0.11649495363235474
        ],
        [
          -4.389443347463384e-05,
          1.0,
          -7.522923988290131e-05,
          0.00020540697732940316
        ],
        [
          -0.00026285540661774576,
          7.521770749008283e-05,
          1.0,
          -0.06742371618747711
        ],
        [
          0.0,
          0.0,
          0.0,
          1.0
        ]
      ]
    },
    {
      "frame_idx": 13,
      "round_idx": 0,
      "interp_t": 0.203125,
      "location_from": "S",
      "location_to": "B",
      "action": "leave",
      "event": "A",
      "c2w": [
        [
          1.0,
          4.3914205889450386e-05,
          0.00026285211788490415,
          0.1262226402759552
        ],
        [
          -4.389443347463384e-05,
          1.0,
          -7.522923988290131e-05,
          0.00020540249533951283
        ],
        [
          -0.00026285540661774576,
          7.521770749008283e-05,
          1.0,
          -0.07304341346025467
        ],
        [
          0.0,
          0.0,
          0.0,
          1.0
        ]
      ]
    },
    {
      "frame_idx": 14,
      "round_idx": 0,
      "interp_t": 0.21875,
      "location_from": "S",
      "location_to": "B",
      "action": "leave",
      "event": "A",
      "c2w": [
        [
          1.0,
          4.3914205889450386e-05,
          0.00026285211788490415,
          0.13595032691955566
        ],
        [
          -4.389443347463384e-05,
          1.0,
          -7.522923988290131e-05,
          0.0002053980133496225
        ],
        [
          -0.00026285540661774576,
          7.521770749008283e-05,
          1.0,
          -0.07866310328245163
        ],
        [
          0.0,
          0.0,
          0.0,
          1.0
        ]
      ]
    },
    {
      "frame_idx": 15,
      "round_idx": 0,
      "interp_t": 0.234375,
      "location_from": "S",
      "location_to": "B",
      "action": "leave",
      "event": "A",
      "c2w": [
        [
          1.0,
          4.3914205889450386e-05,
          0.00026285211788490415,
          0.14567802846431732
        ],
        [
          -4.389443347463384e-05,
          1.0,
          -7.522923988290131e-05,
          0.00020539353135973215
        ],
        [
          -0.00026285540661774576,
          7.521770749008283e-05,
          1.0,
          -0.08428280800580978
        ],
        [
          0.0,
          0.0,
          0.0,
          1.0
        ]
      ]
    },
    {
      "frame_idx": 16,
      "round_idx": 0,
      "interp_t": 0.25,
      "location_from": "S",
      "location_to": "B",
      "action": "leave",
      "event": "A",
      "c2w": [
        [
          1.0,
          4.3914205889450386e-05,
          0.00026285211788490415,
          0.15540571510791779
        ],
        [
          -4.389443347463384e-05,
          1.0,
          -7.522923988290131e-05,
          0.00020538904936984181
        ],
        [
          -0.00026285540661774576,
          7.521770749008283e-05,
          1.0,
          -0.08990249782800674
        ],
        [
          0.0,
          0.0,
          0.0,
          1.0
        ]
      ]
    },
    {
      "frame_idx": 17,
      "round_idx": 0,
      "interp_t": 0.265625,
      "location_from": "S",
      "location_to": "B",
      "action": "leave",
      "event": "A",
      "c2w": [
        [
          1.0,
          4.3914205889450386e-05,
          0.00026285211788490415,
          0.16513340175151825
        ],
        [
          -4.389443347463384e-05,
          1.0,
          -7.522923988290131e-05,
          0.00020538455282803625
        ],
        [
          -0.00026285540661774576,
          7.521770749008283e-05,
          1.0,
          -0.0955221876502037
        ],
        [
          0.0,
          0.0,
          0.0,
          1.0
        ]
      ]
    },
    {
      "frame_idx": 18,
      "round_idx": 0,
      "interp_t": 0.28125,
      "location_from": "S",
      "location_to": "B",
      "action": "leave",
      "event": "A",
      "c2w": [
        [
          1.0,
          4.3914205889450386e-05,
          0.00026285211788490415,
          0.1748610883951187
        ],
        [
          -4.389443347463384e-05,
          1.0,
          -7.522923988290131e-05,
          0.0002053800708381459
        ],
        [
          -0.00026285540661774576,
          7.521770749008283e-05,
          1.0,
          -0.10114188492298126
        ],
        [
          0.0,
          0.0,
          0.0,
          1.0
        ]
      ]
    },
    {
      "frame_idx": 19,
      "round_idx": 0,
      "interp_t": 0.296875,
      "location_from": "S",
      "location_to": "B",
      "action": "leave",
      "event": "A",
      "c2w": [
        [
          1.0,
          4.3914205889450386e-05,
          0.00026285211788490415,
          0.18458877503871918
        ],
        [
          -4.389443347463384e-05,
          1.0,
          -7.522923988290131e-05,
          0.00020537558884825557
        ],
        [
          -0.00026285540661774576,
          7.521770749008283e-05,
          1.0,
          -0.10676158219575882
        ],
        [
          0.0,
          0.0,
          0.0,
          1.0
        ]
      ]
    },
    {
      "frame_idx": 20,
      "round_idx": 0,
      "interp_t": 0.3125,
      "location_from": "S",
      "location_to": "B",
      "action": "leave",
      "event": "A",
      "c2w": [
        [
          1.0,
          4.3914205889450386e-05,
          0.00026285211788490415,
          0.19431646168231964
        ],
        [
          -4.389443347463384e-05,
          1.0,
          -7.522923988290131e-05,
          0.00020537110685836524
        ],
        [
          -0.00026285540661774576,
          7.521770749008283e-05,
          1.0,
          -0.11238127946853638
        ],
        [
          0.0,
          0.0,
          0.0,
          1.0
        ]
      ]
    },
    {
      "frame_idx": 21,
      "round_idx": 0,
      "interp_t": 0.328125,
      "location_from": "S",
      "location_to": "B",
      "action": "leave",
      "event": "A",
      "c2w": [
        [
          1.0,
          4.3914205889450386e-05,
          0.00026285211788490415,
          0.2040441632270813
        ],
        [
          -4.389443347463384e-05,
          1.0,
          -7.522923988290131e-05,
          0.0002053666248684749
        ],
        [
          -0.00026285540661774576,
          7.521770749008283e-05,
          1.0,
          -0.11800096929073334
        ],
        [
          0.0,
          0.0,
          0.0,
          1.0
        ]
      ]
    },
    {
      "frame_idx": 22,
      "round_idx": 0,
      "interp_t": 0.34375,
      "location_from": "S",
      "location_to": "B",
      "action": "leave",
      "event": "A",
      "c2w": [
        [
          1.0,
          4.3914205889450386e-05,
          0.00026285211788490415,
          0.21377184987068176
        ],
        [
          -4.389443347463384e-05,
          1.0,
          -7.522923988290131e-05,
          0.00020536214287858456
        ],
        [
          -0.00026285540661774576,
          7.521770749008283e-05,
          1.0,
          -0.1236206591129303
        ],
        [
          0.0,
          0.0,
          0.0,
          1.0
        ]
      ]
    },
    {
      "frame_idx": 23,
      "round_idx": 0,
      "interp_t": 0.359375,
      "location_from": "S",
      "location_to": "B",
      "action": "leave",
      "event": "A",
      "c2w": [
        [
          1.0,
          4.3914205889450386e-05,
          0.00026285211788490415,
          0.22349953651428223
        ],
        [
          -4.389443347463384e-05,
          1.0,
          -7.522923988290131e-05,
          0.00020535766088869423
        ],
        [
          -0.00026285540661774576,
          7.521770749008283e-05,
          1.0,
          -0.12924034893512726
        ],
        [
          0.0,
          0.0,
          0.0,
          1.0
        ]
      ]
    },
    {
      "frame_idx": 24,
      "round_idx": 0,
      "interp_t": 0.375,
      "location_from": "S",
      "location_to": "B",
      "action": "leave",
      "event": "A",
      "c2w": [
        [
          1.0,
          4.3914205889450386e-05,
          0.00026285211788490415,
          0.23322723805904388
        ],
        [
          -4.389443347463384e-05,
          1.0,
          -7.522923988290131e-05,
          0.0002053531788988039
        ],
        [
          -0.00026285540661774576,
          7.521770749008283e-05,
          1.0,
          -0.13486003875732422
        ],
        [
          0.0,
          0.0,
          0.0,
          1.0
        ]
      ]
    },
    {
      "frame_idx": 25,
      "round_idx": 0,
      "interp_t": 0.390625,
      "location_from": "S",
      "location_to": "B",
      "action": "leave",
      "event": "A",
      "c2w": [
        [
          1.0,
          4.3914205889450386e-05,
          0.00026285211788490415,
          0.24295492470264435
        ],
        [
          -4.389443347463384e-05,
          1.0,
          -7.522923988290131e-05,
          0.00020534869690891355
        ],
        [
          -0.00026285540661774576,
          7.521770749008283e-05,
          1.0,
          -0.14047974348068237
        ],
        [
          0.0,
          0.0,
          0.0,
          1.0
        ]
      ]
    },
    {
      "frame_idx": 26,
      "round_idx": 0,
      "interp_t": 0.40625,
      "location_from": "S",
      "location_to": "B",
      "action": "leave",
      "event": "A",
      "c2w": [
        [
          1.0,
          4.3914205889450386e-05,
          0.00026285211788490415,
          0.252682626247406
        ],
        [
          -4.389443347463384e-05,
          1.0,
          -7.522923988290131e-05,
          0.00020534421491902322
        ],
        [
          -0.00026285540661774576,
          7.521770749008283e-05,
          1.0,
          -0.14609943330287933
        ],
        [
          0.0,
          0.0,
          0.0,
          1.0
        ]
      ]
    },
    {
      "frame_idx": 27,
      "round_idx": 0,
      "interp_t": 0.421875,
      "location_from": "S",
      "location_to": "B",
      "action": "leave",
      "event": "A",
      "c2w": [
        [
          1.0,
          4.3914205889450386e-05,
          0.00026285211788490415,
          0.26241031289100647
        ],
        [
          -4.389443347463384e-05,
          1.0,
          -7.522923988290131e-05,
          0.00020533973292913288
        ],
        [
          -0.00026285540661774576,
          7.521770749008283e-05,
          1.0,
          -0.1517191380262375
        ],
        [
          0.0,
          0.0,
          0.0,
          1.0
        ]
      ]
    },
    {
      "frame_idx": 28,
      "round_idx": 0,
      "interp_t": 0.4375,
      "location_from": "S",
      "location_to": "B",
      "action": "leave",
      "event": "A",
      "c2w": [
        [
          1.0,
          4.3914205889450386e-05,
          0.00026285211788490415,
          0.27213799953460693
        ],
        [
          -4.389443347463384e-05,
          1.0,
          -7.522923988290131e-05,
          0.00020533525093924254
        ],
        [
          -0.00026285540661774576,
          7.521770749008283e-05,
          1.0,
          -0.15733881294727325
        ],
        [
          0.0,
          0.0,
          0.0,
          1.0
        ]
      ]
    },
    {
      "frame_idx": 29,
      "round_idx": 0,
      "interp_t": 0.453125,
      "location_from": "S",
      "location_to": "B",
      "action": "leave",
      "event": "A",
      "c2w": [
        [
          1.0,
          4.3914205889450386e-05,
          0.00026285211788490415,
          0.2818656861782074
        ],
        [
          -4.389443347463384e-05,
          1.0,
          -7.522923988290131e-05,
          0.00020533075439743698
        ],
        [
          -0.00026285540661774576,
          7.521770749008283e-05,
          1.0,
          -0.1629585176706314
        ],
        [
          0.0,
          0.0,
          0.0,
          1.0
        ]
      ]
    },
    {
      "frame_idx": 30,
      "round_idx": 0,
      "interp_t": 0.46875,
      "location_from": "S",
      "location_to": "B",
      "action": "leave",
      "event": "A",
      "c2w": [
        [
          1.0,
          4.3914205889450386e-05,
          0.00026285211788490415,
          0.29159340262413025
        ],
        [
          -4.389443347463384e-05,
          1.0,
          -7.522923988290131e-05,
          0.00020532627240754664
        ],
        [
          -0.00026285540661774576,
          7.521770749008283e-05,
          1.0,
          -0.16857822239398956
        ],
        [
          0.0,
          0.0,
          0.0,
          1.0
        ]
      ]
    },
    {
      "frame_idx": 31,
      "round_idx": 0,
      "interp_t": 0.484375,
      "location_from": "S",
      "location_to": "B",
      "action": "leave",
      "event": "A",
      "c2w": [
        [
          1.0,
          4.3914205889450386e-05,
          0.00026285211788490415,
          0.3013210594654083
        ],
        [
          -4.389443347463384e-05,
          1.0,
          -7.522923988290131e-05,
          0.0002053217904176563
        ],
        [
          -0.00026285540661774576,
          7.521770749008283e-05,
          1.0,
          -0.17419789731502533
        ],
        [
          0.0,
          0.0,
          0.0,
          1.0
        ]
      ]
    },
    {
      "frame_idx": 32,
      "round_idx": 0,
      "interp_t": 0.5,
      "location_from": "S",
      "location_to": "B",
      "action": "leave",
      "event": "A",
      "c2w": [
        [
          1.0,
          4.3914205889450386e-05,
          0.00026285211788490415,
          0.3110487759113312
        ],
        [
          -4.389443347463384e-05,
          1.0,
          -7.522923988290131e-05,
          0.00020531730842776597
        ],
        [
          -0.00026285540661774576,
          7.521770749008283e-05,
          1.0,
          -0.17981760203838348
        ],
        [
          0.0,
          0.0,
          0.0,
          1.0
        ]
      ]
    },
    {
      "frame_idx": 33,
      "round_idx": 0,
      "interp_t": 0.515625,
      "location_from": "S",
      "location_to": "B",
      "action": "leave",
      "event": "A",
      "c2w": [
        [
          1.0,
          4.3914205889450386e-05,
          0.00026285211788490415,
          0.32077646255493164
        ],
        [
          -4.389443347463384e-05,
          1.0,
          -7.522923988290131e-05,
          0.00020531282643787563
        ],
        [
          -0.00026285540661774576,
          7.521770749008283e-05,
          1.0,
          -0.18543730676174164
        ],
        [
          0.0,
          0.0,
          0.0,
          1.0
        ]
      ]
    },
    {
      "frame_idx": 34,
      "round_idx": 0,
      "interp_t": 0.53125,
      "location_from": "S",
      "location_to": "B",
      "action": "leave",
      "event": "A",
      "c2w": [
        [
          1.0,
          4.3914205889450386e-05,
          0.00026285211788490415,
          0.3305041491985321
        ],
        [
          -4.389443347463384e-05,
          1.0,
          -7.522923988290131e-05,
          0.0002053083444479853
        ],
        [
          -0.00026285540661774576,
          7.521770749008283e-05,
          1.0,
          -0.1910569816827774
        ],
        [
          0.0,
          0.0,
          0.0,
          1.0
        ]
      ]
    },
    {
      "frame_idx": 35,
      "round_idx": 0,
      "interp_t": 0.546875,
      "location_from": "S",
      "location_to": "B",
      "action": "leave",
      "event": "A",
      "c2w": [
        [
          1.0,
          4.3914205889450386e-05,
          0.00026285211788490415,
          0.34023183584213257
        ],
        [
          -4.389443347463384e-05,
          1.0,
          -7.522923988290131e-05,
          0.00020530386245809495
        ],
        [
          -0.00026285540661774576,
          7.521770749008283e-05,
          1.0,
          -0.19667668640613556
        ],
        [
          0.0,
          0.0,
          0.0,
          1.0
        ]
      ]
    },
    {
      "frame_idx": 36,
      "round_idx": 0,
      "interp_t": 0.5625,
      "location_from": "S",
      "location_to": "B",
      "action": "leave",
      "event": "A",
      "c2w": [
        [
          1.0,
          4.3914205889450386e-05,
          0.00026285211788490415,
          0.34995952248573303
        ],
        [
          -4.389443347463384e-05,
          1.0,
          -7.522923988290131e-05,
          0.00020529938046820462
        ],
        [
          -0.00026285540661774576,
          7.521770749008283e-05,
          1.0,
          -0.20229637622833252
        ],
        [
          0.0,
          0.0,
          0.0,
          1.0
        ]
      ]
    },
    {
      "frame_idx": 37,
      "round_idx": 0,
      "interp_t": 0.578125,
      "location_from": "S",
      "location_to": "B",
      "action": "leave",
      "event": "A",
      "c2w": [
        [
          1.0,
          4.3914205889450386e-05,
          0.00026285211788490415,
          0.3596872091293335
        ],
        [
          -4.389443347463384e-05,
          1.0,
          -7.522923988290131e-05,
          0.00020529489847831428
        ],
        [
          -0.00026285540661774576,
          7.521770749008283e-05,
          1.0,
          -0.20791606605052948
        ],
        [
          0.0,
          0.0,
          0.0,
          1.0
        ]
      ]
    },
    {
      "frame_idx": 38,
      "round_idx": 0,
      "interp_t": 0.59375,
      "location_from": "S",
      "location_to": "B",
      "action": "leave",
      "event": "A",
      "c2w": [
        [
          1.0,
          4.3914205889450386e-05,
          0.00026285211788490415,
          0.36941489577293396
        ],
        [
          -4.389443347463384e-05,
          1.0,
          -7.522923988290131e-05,
          0.00020529041648842394
        ],
        [
          -0.00026285540661774576,
          7.521770749008283e-05,
          1.0,
          -0.21353577077388763
        ],
        [
          0.0,
          0.0,
          0.0,
          1.0
        ]
      ]
    },
    {
      "frame_idx": 39,
      "round_idx": 0,
      "interp_t": 0.609375,
      "location_from": "S",
      "location_to": "B",
      "action": "leave",
      "event": "A",
      "c2w": [
        [
          1.0,
          4.3914205889450386e-05,
          0.00026285211788490415,
          0.3791426122188568
        ],
        [
          -4.389443347463384e-05,
          1.0,
          -7.522923988290131e-05,
          0.00020528591994661838
        ],
        [
          -0.00026285540661774576,
          7.521770749008283e-05,
          1.0,
          -0.2191554605960846
        ],
        [
          0.0,
          0.0,
          0.0,
          1.0
        ]
      ]
    },
    {
      "frame_idx": 40,
      "round_idx": 0,
      "interp_t": 0.625,
      "location_from": "S",
      "location_to": "B",
      "action": "leave",
      "event": "A",
      "c2w": [
        [
          1.0,
          4.3914205889450386e-05,
          0.00026285211788490415,
          0.3888702690601349
        ],
        [
          -4.389443347463384e-05,
          1.0,
          -7.522923988290131e-05,
          0.00020528143795672804
        ],
        [
          -0.00026285540661774576,
          7.521770749008283e-05,
          1.0,
          -0.22477516531944275
        ],
        [
          0.0,
          0.0,
          0.0,
          1.0
        ]
      ]
    },
    {
      "frame_idx": 41,
      "round_idx": 0,
      "interp_t": 0.640625,
      "location_from": "S",
      "location_to": "B",
      "action": "leave",
      "event": "A",
      "c2w": [
        [
          1.0,
          4.3914205889450386e-05,
          0.00026285211788490415,
          0.39859798550605774
        ],
        [
          -4.389443347463384e-05,
          1.0,
          -7.522923988290131e-05,
          0.0002052769559668377
        ],
        [
          -0.00026285540661774576,
          7.521770749008283e-05,
          1.0,
          -0.23039484024047852
        ],
        [
          0.0,
          0.0,
          0.0,
          1.0
        ]
      ]
    },
    {
      "frame_idx": 42,
      "round_idx": 0,
      "interp_t": 0.65625,
      "location_from": "S",
      "location_to": "B",
      "action": "leave",
      "event": "A",
      "c2w": [
        [
          1.0,
          4.3914205889450386e-05,
          0.00026285211788490415,
          0.4083256721496582
        ],
        [
          -4.389443347463384e-05,
          1.0,
          -7.522923988290131e-05,
          0.00020527247397694737
        ],
        [
          -0.00026285540661774576,
          7.521770749008283e-05,
          1.0,
          -0.23601454496383667
        ],
        [
          0.0,
          0.0,
          0.0,
          1.0
        ]
      ]
    },
    {
      "frame_idx": 43,
      "round_idx": 0,
      "interp_t": 0.671875,
      "location_from": "S",
      "location_to": "B",
      "action": "leave",
      "event": "A",
      "c2w": [
        [
          1.0,
          4.3914205889450386e-05,
          0.00026285211788490415,
          0.41805335879325867
        ],
        [
          -4.389443347463384e-05,
          1.0,
          -7.522923988290131e-05,
          0.00020526799198705703
        ],
        [
          -0.00026285540661774576,
          7.521770749008283e-05,
          1.0,
          -0.24163424968719482
        ],
        [
          0.0,
          0.0,
          0.0,
          1.0
        ]
      ]
    },
    {
      "frame_idx": 44,
      "round_idx": 0,
      "interp_t": 0.6875,
      "location_from": "S",
      "location_to": "B",
      "action": "leave",
      "event": "A",
      "c2w": [
        [
          1.0,
          4.3914205889450386e-05,
          0.00026285211788490415,
          0.42778104543685913
        ],
        [
          -4.389443347463384e-05,
          1.0,
          -7.522923988290131e-05,
          0.0002052635099971667
        ],
        [
          -0.00026285540661774576,
          7.521770749008283e-05,
          1.0,
          -0.2472539246082306
        ],
        [
          0.0,
          0.0,
          0.0,
          1.0
        ]
      ]
    },
    {
      "frame_idx": 45,
      "round_idx": 0,
      "interp_t": 0.703125,
      "location_from": "S",
      "location_to": "B",
      "action": "leave",
      "event": "A",
      "c2w": [
        [
          1.0,
          4.3914205889450386e-05,
          0.00026285211788490415,
          0.437508761882782
        ],
        [
          -4.389443347463384e-05,
          1.0,
          -7.522923988290131e-05,
